137
0.00 1005.89 771.70 2468.52 3713.89 4802.49 4716.91 5791.00 5569.75 6602.73 6935.18 8588.60 9012.28 9243.55 9488.12 10353.22 11568.57 3810.66 4363.30 3910.73 3806.29 4261.01 4378.89 4997.12 4939.25 5722.07 5567.53 5579.76 7162.01 7043.05 6771.74 6902.97 6577.13 6670.54 6810.64 7663.56 7682.39 7363.26 7387.78 7383.29 8166.11 8503.01 8023.82 8032.64 9499.32 9169.02 9051.13 8835.43 8347.35 8489.63 8813.30 5606.42 5916.65 6258.01 6556.03 6213.56 5923.33 6380.32 6488.23 6679.44 6329.20 6676.15 7107.54 7461.12 7600.11 7356.59 7488.91 7710.25 7816.98 8052.65 8578.57 8256.21 8549.72 9004.57 8894.49 9370.30 9666.09 10051.93 10610.09 10797.00 10581.16 9775.13 11594.02 11271.61 10938.05 9997.44 9462.57 9116.73 9020.09 9164.59 8913.31 7278.77 8692.07 8683.12 8558.65 9264.64 8612.03 8833.32 9438.13 9467.06 9827.31 10382.10 10120.84 9588.22 9570.46 9277.97 9553.84 11003.68 10485.52 11023.86 11158.19 10919.20 10682.27 10269.88 9782.77 10156.38 11016.02 11715.48 12023.34 11933.33 12242.40 12601.39 12583.81 12554.69 11352.89 11166.05 11932.13 12111.10 13138.38 13557.97 13492.06 13139.63 12673.97 12488.14 12028.94 10725.83 10333.18 
1005.89 0.00 237.30 1463.70 2708.94 3797.25 3712.02 4785.80 4564.74 5597.31 5929.80 7583.24 8006.99 8238.21 8482.68 9347.81 10563.15 2805.41 3358.00 2905.49 2800.90 3256.18 3373.55 3991.75 3934.07 4716.73 4562.55 4574.40 6156.62 6037.59 5766.59 5897.89 5571.89 5665.16 5805.27 6658.48 6676.95 6357.92 6382.66 6377.83 7160.87 7497.73 7018.69 7027.25 8494.04 8163.62 8045.65 7829.97 7342.11 7484.23 7808.15 4601.12 4911.38 5252.69 5550.91 5208.49 4918.00 5375.12 5483.20 5674.26 5323.79 5671.11 6102.08 6455.66 6594.83 6351.26 6483.55 6705.13 6811.84 7047.19 7573.10 7251.05 7544.44 7999.43 7889.37 8364.96 8660.76 9046.59 9604.68 9791.77 9575.75 8769.93 10588.49 10266.11 9932.57 8992.09 8457.18 8111.24 8014.86 8159.22 7908.01 6273.32 7686.87 7677.74 7553.47 8259.22 7606.87 7828.18 8432.79 8461.77 8821.97 9376.64 9115.46 8582.83 8565.15 8272.53 8548.64 9998.23 9480.09 10018.66 10152.70 9913.79 9676.76 9264.56 8777.30 9150.92 10010.72 10710.23 11017.90 10927.94 11236.97 11595.83 11578.42 11549.12 10347.51 10160.64 10926.67 11105.60 12132.77 12552.66 12486.50 12134.10 11668.68 11482.70 11023.54 9720.59 9327.73 
771.70 237.30 0.00 1696.85 2942.21 4030.84 3945.21 5019.33 4798.06 5831.12 6163.55 7816.96 8240.61 8471.89 8716.50 9581.58 10796.92 3039.03 3591.68 3139.10 3034.71 3489.31 3607.27 4225.50 4167.59 4950.44 4795.84 4808.13 6390.38 6271.45 6000.06 6131.28 5805.47 5898.92 6039.01 6891.86 6910.77 6591.62 6616.09 6611.68 7394.43 7731.34 7252.13 7261.00 8727.65 8397.38 8279.52 8063.81 7575.68 7718.00 8041.61 4834.78 5144.99 5486.37 5784.34 5441.87 5151.69 5608.65 5716.54 5907.76 5557.58 5904.45 6335.94 6689.51 6828.45 6584.95 6717.27 6938.56 7045.30 7281.03 7806.96 7484.52 7778.05 8232.87 8122.79 8598.65 8894.43 9280.27 9838.44 10025.32 9809.52 9003.44 10822.42 10499.99 10166.43 9225.78 8690.93 8345.12 8248.41 8392.94 8141.65 6507.16 7920.39 7911.47 7786.96 8493.00 7840.34 8061.63 8666.48 8695.40 9055.65 9610.47 9349.19 8816.58 8798.80 8506.34 8782.16 10232.04 9713.89 10252.17 10386.58 10147.56 9910.67 9498.22 9011.15 9384.75 10244.35 10943.79 11251.70 11161.67 11470.76 11829.80 11812.16 11783.09 10581.23 10394.41 11160.50 11339.49 12366.80 12786.29 12720.46 12368.02 11902.29 11716.50 11257.29 9954.15 9561.55 
2468.52 1463.70 1696.85 0.00 1245.38 2334.00 2248.44 3322.48 3101.25 4134.30 4466.71 6120.11 6543.77 6775.04 7019.66 7884.74 9100.08 1342.22 1894.86 1442.28 1338.01 1792.56 1910.47 2528.69 2470.74 3253.61 3099.04 3111.30 4693.55 4574.64 4303.22 4434.46 4108.62 4202.09 4342.18 5195.05 5213.94 4894.78 4919.27 4914.87 5697.59 6034.50 5555.30 5564.16 7030.81 6700.54 6582.69 6366.98 5878.84 6021.16 6344.79 3137.94 3448.15 3789.53 4087.52 3745.05 3454.85 3911.81 4019.73 4210.93 3860.76 4207.65 4639.13 4992.70 5131.61 4888.10 5020.43 5241.74 5348.47 5584.21 6110.14 5787.69 6081.20 6536.06 6425.98 6901.80 7197.58 7583.42 8141.60 8328.49 8112.68 7306.61 9125.60 8803.16 8469.59 7528.93 6994.09 6648.30 6551.57 6696.09 6444.80 4810.34 6223.56 6214.63 6090.13 6796.16 6143.52 6364.81 6969.63 6998.55 7358.81 7913.64 7652.35 7119.73 7101.96 6809.51 7085.32 8535.20 8017.05 8555.35 8689.74 8450.71 8213.84 7801.37 7314.32 7687.92 8547.51 9246.96 9554.86 9464.82 9773.91 10132.98 10115.31 10086.27 8884.39 8697.56 9463.66 9642.66 10670.00 11089.45 11023.64 10671.19 10205.45 10019.65 9560.44 8257.32 7864.71 
3713.89 2708.94 2942.21 1245.38 0.00 1088.75 1003.08 2077.13 1855.87 2889.08 3221.44 4874.79 5298.41 5529.70 5774.36 6639.41 7854.75 99.26 649.92 197.94 98.91 547.27 665.61 1283.60 1225.42 2008.38 1853.66 1866.10 3448.27 3329.44 3057.85 3189.08 2863.28 2956.82 3096.91 3949.67 3968.68 3649.46 3673.88 3669.64 4452.22 4789.14 4309.92 4318.86 5785.44 5455.22 5337.42 5121.70 4633.47 4775.86 5099.40 1892.67 2202.83 2544.25 2842.13 2499.67 2209.58 2666.45 2774.35 2965.56 2615.54 2962.26 3393.92 3747.47 3886.26 3642.78 3775.13 3996.35 4103.09 4338.96 4864.88 4542.31 4835.84 5290.67 5180.60 5656.46 5952.23 6338.07 6896.26 7083.11 6867.35 6061.23 7880.31 7557.86 7224.29 6283.59 5748.76 5403.04 5306.20 5450.76 5199.45 3565.11 4978.18 4969.31 4844.75 5550.86 4898.14 5119.43 5724.29 5753.19 6113.46 6668.33 6407.01 5874.41 5856.60 5564.22 5839.95 7289.89 6771.73 7309.97 7444.45 7205.38 6968.56 6556.01 6069.03 6442.62 7302.14 8001.58 8309.52 8219.47 8528.58 8887.69 8869.96 8840.99 7639.04 7452.23 8218.34 8397.35 9424.73 9844.08 9778.34 9425.88 8960.08 8774.32 8315.10 7011.94 6619.40 
4802.49 3797.25 4030.84 2334.00 1088.75 0.00 91.89 988.55 767.78 1800.33 2132.72 3786.12 4209.79 4441.05 4685.66 5550.74 6766.08 991.85 439.28 891.77 996.42 542.54 423.79 195.12 136.93 919.63 765.65 777.35 2359.55 2240.69 1969.33 2100.66 1774.65 1868.09 2008.18 2861.24 2879.95 2560.78 2585.41 2580.90 3363.64 3700.52 3221.43 3230.16 4696.84 4366.54 4248.70 4032.99 3544.88 3687.16 4010.90 803.94 1114.15 1455.53 1753.67 1411.31 1120.85 1577.87 1686.03 1877.01 1526.80 1873.92 2305.18 2658.73 2797.62 2554.10 2686.43 2907.88 3014.59 3250.23 3776.16 3453.80 3747.23 4202.18 4092.11 4567.81 4863.60 5249.44 5807.60 5994.55 5778.68 4972.69 6791.60 6469.16 6135.59 5194.94 4660.09 4314.31 4217.63 4362.10 4110.82 2476.37 3889.63 3880.63 3756.22 4462.16 3809.62 4030.93 4635.64 4664.58 5024.82 5579.64 5318.35 4785.73 4767.97 4475.51 4751.40 6201.20 5683.05 6221.43 6355.75 6116.71 5879.85 5467.39 4980.32 5353.92 6213.54 6913.02 7220.86 7130.83 7439.92 7798.98 7781.32 7752.28 6550.40 6363.56 7129.66 7308.66 8336.01 8755.49 8689.64 8337.19 7871.49 7685.66 7226.45 5923.37 5530.71 
4716.91 3712.02 3945.21 2248.44 1003.08 91.89 0.00 1074.42 852.88 1886.66 2218.83 3871.98 4295.51 4526.83 4771.58 5636.56 6851.87 906.97 355.98 806.94 912.05 455.90 340.94 284.26 223.98 1006.18 850.64 864.13 2445.64 2326.99 2054.93 2186.10 1860.49 1954.28 2094.32 2946.67 2966.04 2646.72 2670.91 2667.11 3449.31 3786.26 3306.94 3316.12 4782.52 4452.42 4334.72 4118.98 3630.55 3773.10 4096.42 890.40 1200.25 1541.70 1839.20 1496.70 1207.16 1663.63 1771.33 1962.68 1613.19 1959.25 2391.46 2744.92 2883.43 2640.03 2772.40 2993.37 3100.12 3336.31 3862.21 3539.34 3832.95 4287.68 4177.59 4653.59 4949.34 5335.18 5893.40 6080.14 5864.50 5058.26 6877.53 6555.05 6221.47 5280.70 4745.93 4400.34 4303.26 4447.92 4196.56 2562.57 3975.23 3966.50 3841.79 4548.07 3895.16 4116.44 4721.41 4750.29 5110.58 5665.53 5404.15 4871.57 4853.71 4561.45 4836.98 6287.05 5768.90 6306.98 6441.64 6202.51 5965.80 5553.10 5066.27 5439.82 6299.20 6998.61 7306.65 7216.56 7525.69 7884.90 7867.05 7838.20 6636.14 6449.36 7215.49 7394.53 8421.95 8841.11 8775.52 8423.04 7957.11 7771.43 7312.19 6008.97 5616.59 
5791.00 4785.80 5019.33 3322.48 2077.13 988.55 1074.42 0.00 222.18 812.30 1144.41 2797.66 3221.29 3452.57 3697.25 4562.28 5777.61 1980.39 1427.82 1880.31 1984.95 1530.23 1412.29 794.26 851.75 71.79 224.60 212.43 1371.22 1252.59 980.78 1112.12 786.15 879.87 1019.90 1872.69 1891.64 1572.35 1596.86 1592.69 2375.11 2712.02 2232.88 2241.76 3708.32 3378.10 3260.34 3044.61 2556.36 2698.75 3022.35 185.15 125.96 467.31 765.13 422.91 133.37 589.33 697.62 888.46 538.95 885.45 1317.05 1670.50 1809.13 1565.67 1698.02 1919.33 2026.04 2261.91 2787.82 2465.25 2758.72 3213.63 3103.56 3579.33 3875.10 4260.94 4819.13 5006.02 4790.22 3984.15 5803.20 5480.74 5147.16 4206.46 3671.63 3325.96 3229.10 3373.63 3122.32 1488.15 2901.09 2892.18 2767.68 3473.74 2821.07 3042.38 3647.15 3676.07 4036.33 4591.21 4329.88 3797.28 3779.48 3487.10 3762.86 5212.76 4694.60 5232.89 5367.32 5128.25 4891.46 4478.89 3991.92 4365.50 5225.02 5924.49 6232.39 6142.34 6451.45 6810.58 6792.83 6763.88 5561.91 5375.10 6141.21 6320.23 7347.62 7766.97 7701.22 7348.75 6882.97 6697.19 6237.97 4934.84 4542.28 
5569.75 4564.74 4798.06 3101.25 1855.87 767.78 852.88 222.18 0.00 1034.25 1366.14 3019.12 3442.64 3673.95 3918.73 4783.69 5998.99 1759.38 1207.01 1659.31 1764.12 1308.77 1191.56 574.29 630.86 157.51 3.15 43.42 1592.91 1474.44 1202.06 1333.23 1007.69 1101.71 1241.68 2093.81 2113.29 1793.91 1818.04 1814.44 2596.43 2933.38 2454.07 2463.30 3929.65 3599.56 3481.89 3266.16 2777.68 2920.26 3243.55 50.35 348.13 689.27 986.32 643.82 355.50 810.83 918.48 1109.82 761.02 1106.40 1538.88 1892.24 2030.57 1787.22 1919.60 2140.50 2247.25 2483.53 3009.41 2686.47 2980.07 3434.82 3324.74 3800.72 4096.47 4482.30 5040.53 5227.27 5011.63 4205.39 6024.67 5702.19 5368.61 4427.83 3893.07 3547.52 3450.38 3595.05 3343.69 1709.90 3122.36 3113.64 2988.92 3695.21 3042.29 3263.57 3868.54 3897.41 4257.70 4812.66 4551.28 4018.70 4000.84 3708.60 3984.11 5434.17 4916.03 5454.12 5588.77 5349.64 5112.94 4700.23 4213.41 4586.96 5446.32 6145.74 6453.77 6363.69 6672.82 7032.03 7014.17 6985.33 5783.26 5596.48 6362.61 6541.66 7569.09 7988.24 7922.65 7570.16 7104.24 6918.55 6459.32 5156.10 4763.73 
6602.73 5597.31 5831.12 4134.30 2889.08 1800.33 1886.66 812.30 1034.25 0.00 332.55 1985.94 2409.74 2640.92 2885.40 3750.51 4965.86 2792.08 2239.44 2692.02 2796.45 2342.39 2223.85 1605.61 1663.69 880.70 1036.58 1022.99 559.33 440.36 173.95 304.55 37.77 68.15 208.07 1062.30 1079.66 760.71 786.62 780.57 1563.80 1900.51 1422.01 1429.94 2896.78 2566.31 2448.40 2232.70 1745.00 1886.92 2211.16 996.41 686.41 345.00 64.49 392.24 679.53 224.71 127.31 85.05 273.54 92.07 504.84 858.40 997.72 754.06 886.28 1108.72 1215.21 1449.92 1975.85 1654.20 1947.24 2402.47 2292.45 2767.66 3063.47 3449.29 4007.38 4194.53 3978.45 3172.77 4991.30 4668.88 4335.32 3394.78 2859.87 2514.00 2417.70 2561.92 2310.75 676.04 2089.79 2080.44 1956.47 2661.92 2009.91 2231.23 2835.50 2864.49 3224.67 3779.37 3518.16 2985.53 2967.86 2675.24 2951.47 4400.95 3882.80 4421.44 4555.47 4316.49 4079.55 3667.26 3180.04 3553.65 4413.43 5112.95 5420.62 5330.64 5639.69 5998.68 5981.12 5951.98 4750.21 4563.34 5329.40 5508.38 6535.70 6955.35 6889.35 6536.91 6071.38 5885.42 5426.24 4123.34 3730.45 
6935.18 5929.80 6163.55 4466.71 3221.44 2132.72 2218.83 1144.41 1366.14 332.55 0.00 1653.44 2077.21 2308.41 2552.95 3418.04 4633.39 3124.52 2571.87 3024.45 3128.92 2674.63 2556.30 1938.06 1996.02 1213.10 1368.44 1355.42 226.83 108.82 166.82 54.04 358.60 264.64 124.53 729.96 747.24 428.16 454.53 448.30 1231.25 1567.97 1089.49 1097.46 2564.26 2233.84 2115.99 1900.27 1412.45 1554.45 1878.61 1328.77 1018.62 677.19 380.94 722.82 1011.87 555.39 449.55 257.37 606.02 263.46 172.95 526.10 665.17 421.51 553.75 776.29 882.72 1117.52 1643.45 1321.65 1614.70 2069.92 1959.90 2435.16 2730.96 3116.79 3674.91 3862.01 3645.99 2840.23 4658.89 4336.45 4002.88 3062.29 2527.40 2181.60 2085.16 2229.43 1978.23 343.76 1757.24 1747.95 1623.92 2329.46 1677.36 1898.68 2503.00 2531.98 2892.17 3446.92 3185.68 2653.05 2635.35 2342.80 2618.93 4068.50 3550.35 4088.91 4223.03 3984.02 3747.13 3334.76 2847.60 3221.21 4080.92 4780.44 5088.16 4998.16 5307.22 5666.27 5648.65 5619.57 4417.73 4230.87 4996.96 5175.94 6203.30 6622.86 6556.93 6204.47 5738.88 5552.96 5093.77 3790.82 3398.00 
8588.60 7583.24 7816.96 6120.11 4874.79 3786.12 3871.98 2797.66 3019.12 1985.94 1653.44 0.00 423.93 654.99 899.61 1764.62 2979.97 4777.94 4225.30 4677.87 4782.36 4327.85 4209.73 3591.50 3649.38 2866.53 3021.38 3008.86 1426.62 1545.71 1817.08 1686.07 2011.52 1918.08 1777.97 926.05 906.34 1225.34 1201.39 1205.49 423.06 86.83 566.06 556.00 910.89 580.44 462.99 247.41 242.21 99.27 227.77 2982.18 2671.97 2330.59 2032.83 2375.33 2665.28 2208.36 2100.84 1909.31 2259.45 1912.96 1481.23 1127.67 988.56 1232.01 1099.70 879.20 772.41 536.27 23.38 334.25 42.34 418.01 308.84 781.72 1077.53 1463.35 2021.48 2208.62 1992.57 1187.01 3005.55 2683.08 2349.50 1408.85 873.97 528.62 432.26 575.99 324.96 1309.97 107.38 94.52 44.06 676.09 42.56 247.88 849.56 878.58 1238.73 1793.55 1532.24 999.62 981.93 689.50 965.74 2415.10 1896.94 2435.54 2569.66 2330.60 2093.82 1681.32 1194.30 1567.84 2427.49 3127.02 3434.74 3344.73 3653.80 4012.92 3995.21 3966.22 2764.29 2577.45 3343.55 3522.56 4549.97 4969.42 4903.56 4551.09 4085.44 3899.54 3440.34 2137.42 1744.62 
9012.28 8006.99 8240.61 6543.77 5298.41 4209.79 4295.51 3221.29 3442.64 2409.74 2077.21 423.93 0.00 231.38 476.65 1341.08 2556.36 5201.63 4649.01 5101.56 5206.09 4751.40 4633.45 4015.23 4073.03 3290.26 3444.88 3432.59 1850.41 1969.57 2240.59 2109.45 2435.14 2341.84 2201.74 1349.03 1330.22 1649.07 1624.66 1629.37 846.21 509.27 988.74 979.86 487.05 158.05 52.73 179.71 664.96 523.13 200.28 3405.88 3095.64 2754.30 2456.32 2798.82 3088.99 2631.96 2524.23 2332.86 2683.23 2336.32 1905.09 1551.56 1412.17 1655.73 1523.46 1302.26 1195.47 960.21 435.20 756.36 462.57 27.80 121.10 358.13 653.83 1039.67 1597.89 1784.80 1569.01 763.09 2582.11 2259.60 1926.03 985.19 450.64 111.15 13.57 152.83 98.99 1733.83 320.52 329.55 453.98 253.49 400.80 180.69 425.92 454.78 815.07 1370.13 1108.65 576.19 558.20 267.20 541.81 1991.56 1473.44 2011.70 2146.19 1907.00 1670.48 1257.60 771.19 1144.48 2003.74 2703.24 3011.14 2921.06 3230.18 3589.43 3571.55 3542.73 2340.63 2153.84 2919.98 3099.03 4126.50 4545.70 4480.02 4127.53 3661.70 3475.92 3016.69 1713.61 1321.18 
9243.55 8238.21 8471.89 6775.04 5529.70 4441.05 4526.83 3452.57 3673.95 2640.92 2308.41 654.99 231.38 0.00 245.44 1109.74 2325.05 5432.89 4880.26 5332.82 5437.33 4982.71 4864.69 4246.47 4304.30 3521.49 3676.20 3663.82 2081.60 2200.70 2471.90 2340.79 2666.42 2573.05 2432.95 1580.40 1561.33 1880.29 1856.01 1860.48 1077.54 740.57 1220.12 1210.99 255.99 75.68 194.52 408.87 896.31 754.07 431.29 3637.13 3326.90 2985.54 2687.63 3030.14 3320.23 2863.25 2755.57 2564.16 2914.43 2567.67 2136.21 1782.65 1643.44 1886.96 1754.66 1533.62 1426.83 1191.19 665.60 987.74 693.89 241.38 350.85 126.77 422.55 808.38 1366.57 1553.63 1337.68 532.24 2350.75 2028.25 1694.67 753.89 219.28 130.53 224.21 79.14 330.27 1964.95 551.89 560.50 685.35 26.92 632.15 411.49 194.59 223.63 583.77 1138.77 877.32 344.81 326.94 40.43 311.19 1760.22 1242.09 1780.56 1914.84 1675.69 1439.11 1026.35 539.84 913.11 1772.51 2472.03 2779.83 2689.78 2998.88 3358.09 3340.27 3311.39 2109.35 1922.53 2688.66 2867.70 3895.15 4314.45 4248.69 3896.21 3430.47 3244.62 2785.40 1482.44 1089.81 
9488.12 8482.68 8716.50 7019.66 5774.36 4685.66 4771.58 3697.25 3918.73 2885.40 2552.95 899.61 476.65 245.44 0.00 865.14 2080.47 5677.46 5124.82 5577.40 5681.84 5227.45 5109.24 4491.00 4548.94 3766.05 3920.98 3908.37 2326.12 2445.09 2716.69 2585.67 2911.11 2817.58 2677.48 1825.43 1805.74 2124.90 2100.94 2104.85 1322.48 985.50 1465.20 1455.50 33.06 319.19 437.07 652.71 1141.29 998.50 676.72 3881.72 3571.53 3230.13 2932.43 3274.94 3564.81 3107.96 3000.44 2808.91 3158.93 2812.55 2380.60 2027.02 1888.16 2131.58 1999.24 1778.62 1671.83 1435.49 909.59 1232.87 938.88 486.63 596.27 119.37 179.43 564.23 1122.02 1309.62 1093.07 290.84 2105.96 1783.50 1449.93 509.70 27.46 371.54 469.65 323.89 575.39 2209.36 797.15 805.09 930.59 223.52 877.45 656.92 53.89 34.92 339.79 893.98 632.87 100.69 85.84 210.15 79.26 1515.56 997.41 1536.55 1670.09 1431.11 1194.22 782.18 294.69 668.26 1528.23 2227.77 2535.22 2445.27 2754.29 3113.33 3095.74 3066.63 1864.86 1677.96 2444.01 2623.00 3650.38 4070.00 4003.98 3651.53 3186.07 3000.03 2540.86 1238.42 845.06 
10353.22 9347.81 9581.58 7884.74 6639.41 5550.74 5636.56 4562.28 4783.69 3750.51 3418.04 1764.62 1341.08 1109.74 865.14 0.00 1215.35 6542.56 5989.92 6442.49 6546.96 6092.45 5974.34 5356.11 5414.00 4631.15 4785.93 4773.47 3191.21 3310.22 3581.64 3450.53 3776.13 3682.68 3542.58 2690.10 2670.86 2989.96 2965.74 2969.98 2187.28 1850.31 2329.80 2320.58 854.20 1184.20 1302.20 1517.85 2006.04 1863.59 1540.50 4746.80 4436.59 4095.21 3797.37 4139.88 4429.90 3972.97 3865.31 3673.89 4024.04 3677.40 3245.73 2892.15 2753.15 2996.63 2864.31 2643.33 2536.55 2300.62 1774.73 2097.40 1803.63 1349.45 1459.51 982.98 687.28 301.58 256.88 445.18 227.94 579.37 1241.04 918.52 584.95 355.96 890.65 1236.64 1333.48 1188.65 1440.01 3074.49 1661.49 1670.11 1794.96 1088.60 1741.66 1520.55 915.16 886.37 526.04 30.59 232.44 765.00 782.91 1075.29 800.18 650.48 132.39 671.90 805.12 565.98 329.73 85.05 570.62 197.12 663.21 1362.68 1670.12 1580.13 1889.18 2248.35 2230.61 2201.66 999.71 812.83 1578.93 1757.96 2785.42 3204.86 3138.95 2786.48 2320.93 2134.92 1675.73 374.09 21.47 
11568.57 10563.15 10796.92 9100.08 7854.75 6766.08 6851.87 5777.61 5998.99 4965.86 4633.39 2979.97 2556.36 2325.05 2080.47 1215.35 0.00 7757.90 7205.27 7657.84 7762.30 7307.76 7189.69 6571.46 6629.34 5846.50 6001.23 5988.82 4406.56 4525.56 4796.94 4665.80 4991.47 4898.03 4757.93 3905.30 3886.20 4205.31 4181.00 4185.32 3402.56 3065.61 3545.01 3535.93 2069.36 2399.55 2517.50 2733.18 3221.32 3078.94 2755.58 5962.15 5651.93 5310.56 5012.67 5355.18 5645.24 5188.30 5080.58 4889.21 5239.38 4892.67 4461.07 4107.49 3968.49 4211.98 4079.66 3858.56 3751.79 3515.96 2990.05 3312.60 3018.92 2564.40 2674.49 2198.29 1902.53 1516.69 958.48 772.32 987.41 1793.83 35.39 297.41 630.65 1571.17 2106.00 2451.92 2548.65 2403.99 2655.31 4289.83 2876.68 2885.45 3010.14 2303.94 2956.80 2735.59 2130.46 2101.59 1741.29 1186.52 1447.73 1980.35 1998.16 2290.62 2015.03 564.93 1083.06 546.16 410.68 649.37 886.56 1298.79 1785.86 1412.24 553.00 150.52 454.78 364.85 673.83 1033.21 1015.27 986.55 215.86 402.52 363.66 542.81 1570.27 1989.56 1923.68 1571.18 1105.74 919.57 460.41 843.35 1235.42 
3810.66 2805.41 3039.03 1342.22 99.26 991.85 906.97 1980.39 1759.38 2792.08 3124.52 4777.94 5201.63 5432.89 5677.46 6542.56 7757.90 0.00 552.64 100.08 14.07 451.83 568.25 1186.47 1128.66 1911.41 1757.20 1769.09 3351.35 3232.42 2961.17 3092.47 2766.50 2859.88 2999.98 3853.06 3871.73 3552.60 3577.25 3572.65 4355.49 4692.37 4213.27 4221.97 5688.68 5358.35 5240.48 5024.77 4536.73 4678.97 5002.74 1795.76 2106.00 2447.35 2745.49 2403.09 2112.66 2569.71 2677.81 2868.85 2518.55 2865.71 3296.91 3650.48 3789.46 3545.93 3678.25 3899.72 4006.43 4242.00 4767.93 4445.64 4739.08 5194.02 5083.95 5559.64 5855.43 6241.27 6799.42 6986.40 6770.50 5964.54 7783.39 7460.96 7127.39 6186.78 5651.91 5306.09 5209.48 5353.92 5102.66 3468.12 4881.47 4872.45 4748.07 5453.97 4801.46 5022.77 5627.47 5656.42 6016.65 6571.44 6310.18 5777.56 5759.81 5467.31 5743.24 7193.02 6674.86 7213.27 7347.54 7108.53 6871.63 6459.23 5972.11 6345.72 7205.38 7904.86 8212.67 8122.66 8431.74 8790.77 8773.15 8744.06 7542.23 7355.39 8121.47 8300.45 9327.78 9747.33 9681.43 9328.98 8863.34 8677.48 8218.28 6915.22 6522.52 
4363.30 3358.00 3591.68 1894.86 649.92 439.28 355.98 1427.82 1207.01 2239.44 2571.87 4225.30 4649.01 4880.26 5124.82 5989.92 7205.27 552.64 0.00 452.59 557.14 110.26 15.92 633.83 576.16 1358.77 1204.86 1216.45 2798.70 2679.78 2408.60 2539.93 2213.89 2307.24 2447.34 3300.51 3319.09 2999.97 3024.68 3020.01 3802.88 4139.74 3660.70 3669.33 5136.06 4805.71 4687.84 4472.13 3984.12 4126.33 4450.15 1243.13 1553.38 1894.72 2192.94 1850.59 1560.03 2017.12 2125.31 2316.26 1965.90 2313.20 2744.27 3097.84 3236.84 2993.30 3125.61 3347.15 3453.85 3689.36 4215.29 3893.06 4186.46 4641.44 4531.37 5007.01 5302.80 5688.64 6246.78 6433.78 6217.86 5411.93 7230.74 6908.31 6574.75 5634.14 5099.27 4753.44 4656.87 4801.29 4550.04 2915.48 4328.87 4319.81 4195.47 4901.33 4248.87 4470.18 5074.84 5103.79 5464.02 6018.80 5757.54 5224.92 5207.18 4914.67 5190.64 6640.37 6122.22 6660.67 6794.90 6555.90 6318.99 5906.60 5419.47 5793.08 6652.75 7352.24 7660.03 7570.03 7879.10 8238.12 8220.51 8191.42 6989.59 6802.75 7568.83 7747.81 8775.13 9194.71 9128.79 8776.34 8310.71 8124.84 7665.64 6362.60 5969.88 
3910.73 2905.49 3139.10 1442.28 197.94 891.77 806.94 1880.31 1659.31 2692.02 3024.45 4677.87 5101.56 5332.82 5577.40 6442.49 7657.84 100.08 452.59 0.00 105.52 352.06 468.20 1086.42 1028.58 1811.34 1657.13 1669.03 3251.28 3132.36 2861.09 2992.39 2666.42 2759.82 2899.92 3752.98 3771.67 3452.53 3477.17 3472.59 4255.41 4592.29 4113.20 4121.91 5588.61 5258.29 5140.42 4924.71 4436.65 4578.90 4902.66 1695.69 2005.92 2347.28 2645.42 2303.01 2012.59 2469.64 2577.73 2768.77 2418.49 2765.63 3196.85 3550.42 3689.39 3445.86 3578.18 3799.64 3906.35 4141.94 4667.87 4345.57 4639.00 5093.95 4983.88 5459.57 5755.36 6141.20 6699.35 6886.32 6670.43 5864.46 7683.32 7360.89 7027.33 6086.71 5551.84 5206.03 5109.40 5253.85 5002.59 3368.06 4781.40 4772.38 4647.99 5353.91 4701.39 4922.69 5527.40 5556.34 5916.58 6471.37 6210.11 5677.49 5659.74 5367.25 5643.17 7092.95 6574.79 7113.20 7247.48 7008.47 6771.57 6359.16 5872.05 6245.65 7105.31 7804.79 8112.61 8022.59 8331.67 8690.70 8673.08 8644.00 7442.16 7255.32 8021.40 8200.39 9227.72 9647.26 9581.37 9228.92 8763.26 8577.41 8118.21 6815.14 6422.45 
3806.29 2800.90 3034.71 1338.01 98.91 996.42 912.05 1984.95 1764.12 2796.45 3128.92 4782.36 5206.09 5437.33 5681.84 6546.96 7762.30 14.07 557.14 105.52 0.00 457.53 572.66 1190.86 1133.29 1915.84 1761.95 1773.50 3355.75 3236.76 2965.73 3097.07 2771.00 2864.28 3004.38 3857.64 3876.10 3557.03 3581.81 3577.00 4359.98 4696.83 4217.82 4226.38 5693.14 5362.75 5244.84 5029.14 4541.22 4683.37 5007.27 1800.23 2110.49 2451.79 2750.08 2407.73 2117.11 2574.25 2682.45 2873.39 2522.92 2870.34 3301.25 3654.83 3793.93 3550.37 3682.66 3904.28 4010.98 4246.36 4772.28 4450.18 4743.55 5198.56 5088.50 5564.08 5859.87 6245.71 6803.83 6990.88 6774.90 5969.04 7787.73 7465.32 7131.76 6191.21 5656.31 5310.44 5213.97 5358.35 5107.12 3472.48 4885.98 4876.87 4752.59 5458.36 4805.99 5027.31 5631.91 5660.87 6021.09 6575.81 6314.59 5781.97 5764.26 5471.69 5747.74 7197.40 6679.25 7217.77 7351.91 7112.94 6875.98 6463.67 5976.48 6350.09 7209.83 7909.33 8217.06 8127.08 8436.13 8795.10 8777.56 8748.40 7546.65 7359.79 8125.85 8304.82 9332.10 9751.78 9685.77 9333.34 8867.79 8681.87 8222.69 6919.70 6526.90 
4261.01 3256.18 3489.31 1792.56 547.27 542.54 455.90 1530.23 1308.77 2342.39 2674.63 4327.85 4751.40 4982.71 5227.45 6092.45 7307.76 451.83 110.26 352.06 457.53 0.00 125.98 737.65 678.81 1461.76 1306.54 1319.58 2901.45 2782.74 2510.82 2641.99 2316.35 2410.06 2550.12 3402.56 3421.87 3102.57 3126.80 3122.90 3905.20 4242.15 3762.84 3771.98 5238.42 4908.29 4790.57 4574.84 4086.45 4228.96 4552.32 1346.01 1656.02 1997.47 2295.09 1952.59 1662.86 2119.50 2227.23 2418.56 2068.88 2415.15 2847.22 3200.72 3339.30 3095.89 3228.25 3449.27 3556.02 3792.14 4318.05 3995.24 4288.84 4743.58 4633.49 5109.48 5405.23 5791.07 6349.29 6536.04 6320.39 5514.16 7333.41 7010.93 6677.35 5736.59 5201.81 4856.19 4759.15 4903.80 4652.45 3018.35 4431.13 4422.37 4297.69 5003.94 4351.06 4572.33 5177.30 5206.18 5566.47 6121.40 5860.04 5327.45 5309.60 5017.32 5292.88 6742.93 6224.78 6762.88 6897.52 6658.40 6421.67 6009.00 5522.13 5895.70 6755.10 7454.51 7762.54 7672.46 7981.59 8340.77 8322.94 8294.08 7092.03 6905.25 7671.37 7850.41 8877.83 9297.01 9231.40 8878.92 8413.01 8227.32 7768.09 6464.87 6072.47 
4378.89 3373.55 3607.27 1910.47 665.61 423.79 340.94 1412.29 1191.56 2223.85 2556.30 4209.73 4633.45 4864.69 5109.24 5974.34 7189.69 568.25 15.92 468.20 572.66 125.98 0.00 618.23 560.69 1343.20 1189.41 1200.87 2783.13 2664.18 2393.07 2524.41 2198.34 2291.66 2431.76 3284.98 3303.50 2984.40 3009.15 3004.41 3787.32 4124.18 3645.16 3653.76 5120.50 4790.14 4672.25 4456.54 3968.56 4110.75 4434.61 1227.57 1537.83 1879.15 2177.42 1835.08 1544.46 2001.58 2109.82 2300.73 1950.31 2297.69 2728.67 3082.25 3221.28 2977.73 3110.03 3331.62 3438.31 3673.77 4199.69 3877.52 4170.90 4625.90 4515.84 4991.44 5287.24 5673.07 6231.21 6418.23 6202.28 5396.38 7215.15 6892.73 6559.16 5618.57 5083.69 4737.85 4641.31 4785.72 4534.47 2899.89 4313.32 4304.24 4179.93 4885.75 4233.33 4454.64 5059.27 5088.23 5448.45 6003.21 5741.97 5209.34 5191.62 4899.08 5175.09 6624.79 6106.64 6645.11 6779.31 6540.32 6303.40 5891.03 5403.88 5777.49 6637.19 7336.69 7644.45 7554.46 7863.52 8222.53 8204.94 8175.82 6974.02 6787.17 7553.25 7732.22 8759.54 9179.14 9113.20 8760.75 8295.15 8109.26 7650.07 6347.05 5954.30 
4997.12 3991.75 4225.50 2528.69 1283.60 195.12 284.26 794.26 574.29 1605.61 1938.06 3591.50 4015.23 4246.47 4491.00 5356.11 6571.46 1186.47 633.83 1086.42 1190.86 737.65 618.23 0.00 61.56 724.98 572.24 582.64 2164.89 2045.95 1774.96 1906.35 1580.17 1673.43 1813.53 2666.87 2685.27 2366.17 2391.03 2386.18 3169.13 3505.97 3027.01 3035.52 4502.28 4171.90 4054.02 3838.31 3350.37 3492.52 3816.44 609.40 919.67 1260.93 1559.36 1217.15 926.25 1383.45 1491.87 1682.60 1332.08 1679.70 2110.44 2464.01 2603.08 2359.51 2491.81 2713.49 2820.17 3055.53 3581.46 3259.35 3552.69 4007.73 3897.67 4373.22 4669.01 5054.85 5612.98 5800.02 5584.05 4778.19 6596.92 6274.49 5940.93 5000.35 4465.46 4119.62 4023.12 4167.49 3916.26 2281.66 3695.13 3686.01 3561.75 4267.52 3615.16 3836.48 4441.05 4470.01 4830.23 5384.98 5123.74 4591.11 4573.40 4280.85 4556.89 6006.56 5488.41 6026.91 6161.08 5922.09 5685.16 5272.81 4785.65 5159.26 6018.97 6718.47 7026.22 6936.23 7245.29 7604.30 7586.71 7557.59 6355.79 6168.94 6935.01 7113.99 8141.31 8560.92 8494.96 8142.52 7676.93 7491.03 7031.84 5728.84 5336.06 
4939.25 3934.07 4167.59 2470.74 1225.42 136.93 223.98 851.75 630.86 1663.69 1996.02 3649.38 4073.03 4304.30 4548.94 5414.00 6629.34 1128.66 576.16 1028.58 1133.29 678.81 560.69 61.56 0.00 783.00 628.72 640.78 2222.85 2104.05 1832.52 1963.82 1637.88 1731.41 1871.49 2724.41 2743.26 2424.04 2448.59 2444.24 3226.86 3563.76 3084.62 3093.44 4560.07 4229.81 4112.00 3896.28 3408.10 3550.44 3874.09 667.27 977.41 1318.83 1616.84 1274.44 984.16 1441.08 1549.17 1740.20 1390.16 1737.06 2168.53 2522.06 2660.86 2417.37 2549.71 2771.06 2877.78 3113.54 3639.47 3316.99 3610.46 4065.37 3955.30 4431.06 4726.84 5112.68 5670.86 5857.77 5641.95 4835.90 6654.89 6332.44 5998.87 5058.19 4523.35 4177.62 4080.85 4225.35 3974.06 2339.70 3752.84 3743.89 3619.42 4325.44 3672.82 3894.12 4498.89 4527.81 4888.07 5442.91 5181.61 4649.00 4631.21 4338.80 4614.61 6064.47 5546.32 6084.64 6219.03 5979.97 5743.14 5330.63 4843.61 5217.20 6076.77 6776.24 7084.12 6994.08 7303.18 7662.28 7644.57 7615.57 6413.65 6226.82 6992.93 7171.94 8199.31 8618.72 8552.93 8200.46 7734.72 7548.91 7089.70 5786.59 5393.99 
5722.07 4716.73 4950.44 3253.61 2008.38 919.63 1006.18 71.79 157.51 880.70 1213.10 2866.53 3290.26 3521.49 3766.05 4631.15 5846.50 1911.41 1358.77 1811.34 1915.84 1461.76 1343.20 724.98 783.00 0.00 160.23 142.34 1439.94 1321.06 1050.09 1181.56 855.23 948.47 1088.57 1941.98 1960.33 1641.20 1666.14 1661.27 2444.16 2781.00 2302.08 2310.56 3777.31 3446.94 3329.08 3113.37 2625.39 2767.56 3091.47 115.77 194.90 535.96 834.62 492.93 201.29 658.60 767.42 957.71 607.17 955.08 1385.55 1739.10 1878.10 1634.53 1766.84 1988.57 2095.23 2330.60 2856.53 2534.40 2827.72 3282.77 3172.72 3648.25 3944.04 4329.87 4888.01 5075.05 4859.09 4053.22 5871.98 5549.55 5215.98 4275.38 3740.50 3394.69 3298.14 3442.52 3191.28 1556.74 2970.16 2961.04 2836.79 3542.56 2890.20 3111.52 3716.08 3745.04 4105.25 4660.03 4398.77 3866.15 3848.42 3555.90 3831.92 5281.60 4763.45 5301.94 5436.13 5197.13 4960.23 4547.84 4060.71 4434.31 5294.00 5993.50 6301.26 6211.26 6520.33 6879.37 6861.75 6832.66 5630.82 5443.98 6210.06 6389.05 7416.39 7835.94 7770.03 7417.58 6951.95 6766.07 6306.87 5003.86 4611.11 
5567.53 4562.55 4795.84 3099.04 1853.66 765.65 850.64 224.60 3.15 1036.58 1368.44 3021.38 3444.88 3676.20 3920.98 4785.93 6001.23 1757.20 1204.86 1657.13 1761.95 1306.54 1189.41 572.24 628.72 160.23 0.00 46.13 1595.20 1476.75 1204.30 1335.45 1009.97 1104.03 1243.98 2096.03 2115.57 1796.18 1820.26 1816.74 2598.67 2935.63 2456.30 2465.56 3931.88 3601.81 3484.15 3268.42 2779.92 2922.52 3245.78 53.49 350.54 691.61 988.56 646.06 357.94 813.11 920.70 1112.07 763.39 1108.62 1541.19 1894.53 2032.82 1789.49 1921.87 2142.73 2249.48 2485.81 3011.68 2688.69 2982.31 3437.04 3326.96 3802.96 4098.70 4484.54 5042.77 5229.49 5013.88 4207.61 6026.92 5704.43 5370.85 4430.07 3895.32 3549.78 3452.61 3597.29 3345.93 1712.20 3124.59 3115.90 2991.15 3697.47 3044.52 3265.79 3870.78 3899.65 4259.94 4814.91 4553.52 4020.95 4003.07 3710.86 3986.34 5436.42 4918.28 5456.34 5591.02 5351.88 5115.20 4702.46 4215.67 4589.21 5448.55 6147.97 6456.01 6365.92 6675.05 7034.28 7016.40 6987.58 5785.50 5598.72 6364.85 6543.90 7571.34 7990.47 7924.89 7572.40 7106.46 6920.79 6461.55 5158.33 4765.97 
5579.76 4574.40 4808.13 3111.30 1866.10 777.35 864.13 212.43 43.42 1022.99 1355.42 3008.86 3432.59 3663.82 3908.37 4773.47 5988.82 1769.09 1216.45 1669.03 1773.50 1319.58 1200.87 582.64 640.78 142.34 46.13 0.00 1582.25 1463.35 1192.43 1323.88 997.58 1090.79 1230.89 2084.32 2102.64 1783.53 1808.47 1803.57 2586.50 2923.33 2444.42 2452.88 3919.64 3589.26 3471.39 3255.68 2767.73 2909.88 3233.82 27.80 337.18 678.29 976.93 635.07 343.63 800.93 909.65 1100.05 749.46 1097.36 1527.83 1881.40 2020.44 1776.86 1909.16 2130.91 2237.57 2472.91 2998.84 2676.74 2970.05 3425.12 3315.06 3790.57 4086.37 4472.20 5030.34 5217.38 5001.41 4195.56 6014.29 5691.86 5358.30 4417.71 3882.82 3536.99 3440.48 3584.85 3333.62 1699.04 3112.50 3103.37 2979.13 3684.88 3032.54 3253.86 3858.41 3887.37 4247.58 4802.34 4541.10 4008.47 3990.75 3698.22 3974.26 5423.92 4905.77 5444.27 5578.45 5339.45 5102.54 4690.17 4203.02 4576.62 5436.33 6135.83 6443.58 6353.58 6662.65 7021.67 7004.07 6974.97 5773.15 5586.30 6352.38 6531.36 7558.69 7978.27 7912.34 7559.89 7094.29 6908.39 6449.19 5146.20 4753.43 
7162.01 6156.62 6390.38 4693.55 3448.27 2359.55 2445.64 1371.22 1592.91 559.33 226.83 1426.62 1850.41 2081.60 2326.12 3191.21 4406.56 3351.35 2798.70 3251.28 3355.75 2901.45 2783.13 2164.89 2222.85 1439.94 1595.20 1582.25 0.00 119.72 391.81 262.87 585.25 491.47 351.37 503.97 520.42 201.45 229.85 221.61 1004.52 1341.19 862.95 870.63 2337.45 2007.01 1889.16 1673.44 1185.70 1327.62 1651.88 1555.61 1245.45 904.02 607.18 949.42 1238.70 782.10 675.61 483.51 832.83 488.37 56.09 299.35 438.51 194.84 326.95 550.08 656.29 890.69 1416.62 1095.00 1387.92 1843.19 1733.19 2208.34 2504.14 2889.97 3448.08 3635.20 3419.16 2613.44 4432.05 4109.61 3776.05 2835.47 2300.57 1954.77 1858.38 2002.60 1751.42 117.18 1530.49 1521.12 1397.19 2102.63 1450.64 1671.96 2276.18 2305.17 2665.35 3220.09 2958.85 2426.22 2408.53 2115.97 2392.14 3841.67 3323.51 3862.11 3996.20 3757.19 3520.30 3107.94 2620.77 2994.37 3854.11 4553.63 4861.33 4771.34 5080.39 5439.44 5421.82 5392.73 4190.90 4004.04 4770.12 4949.11 5976.46 6396.04 6330.09 5977.64 5512.06 5326.13 4866.94 3564.01 3171.17 
7043.05 6037.59 6271.45 4574.64 3329.44 2240.69 2326.99 1252.59 1474.44 440.36 108.82 1545.71 1969.57 2200.70 2445.09 3310.22 4525.56 3232.42 2679.78 3132.36 3236.76 2782.74 2664.18 2045.95 2104.05 1321.06 1476.75 1463.35 119.72 0.00 275.49 151.57 467.17 372.73 232.84 623.69 639.38 321.00 349.33 340.24 1123.88 1460.41 982.49 989.72 2456.59 2126.04 2008.08 1792.38 1305.00 1446.66 1771.21 1436.78 1126.74 785.29 489.70 831.36 1119.89 663.85 558.34 366.18 713.89 372.18 64.49 418.07 558.00 314.43 446.27 669.75 775.90 1009.60 1535.52 1214.44 1507.15 1962.50 1852.52 2327.43 2623.23 3009.04 3567.10 3754.33 3538.16 2732.64 4550.97 4228.56 3895.00 2954.53 2419.60 2073.67 1977.60 2121.68 1870.58 235.74 1649.78 1640.20 1516.53 2221.63 1569.99 1791.29 2395.26 2424.29 2784.42 3339.06 3077.88 2545.25 2527.64 2234.94 2511.34 3960.65 3442.50 3981.25 4115.14 3876.20 3639.22 3227.02 2739.72 3113.34 3973.19 4672.72 4980.31 4890.35 5199.38 5558.35 5540.83 5511.64 4309.93 4123.05 4889.09 5068.05 6095.36 6515.08 6449.02 6096.58 5631.12 5445.12 4985.95 3683.14 3290.15 
6771.74 5766.59 6000.06 4303.22 3057.85 1969.33 2054.93 980.78 1202.06 173.95 166.82 1817.08 2240.59 2471.90 2716.69 3581.64 4796.94 2961.17 2408.60 2861.09 2965.73 2510.82 2393.07 1774.96 1832.52 1050.09 1204.30 1192.43 391.81 275.49 0.00 131.59 195.05 106.90 51.26 891.92 911.60 592.10 616.08 613.34 1394.38 1731.33 1252.10 1261.34 2727.60 2397.52 2279.90 2064.17 1575.63 1718.26 2041.57 1165.57 855.29 514.41 215.74 558.25 848.83 391.50 283.91 92.40 444.26 96.71 339.19 690.97 828.54 585.39 717.78 938.55 1045.26 1281.71 1807.48 1484.48 1778.02 2232.85 2122.78 2598.66 2894.41 3280.25 3838.47 4025.26 3809.58 3003.39 4822.62 4500.13 4166.55 3225.78 2691.01 2345.53 2248.35 2392.99 2141.63 508.98 1920.33 1911.60 1786.91 2493.17 1840.30 2061.60 2666.48 2695.36 3055.65 3610.61 3349.22 2816.65 2798.78 2506.57 2782.10 4232.12 3713.98 4252.13 4386.72 4147.58 3910.90 3498.18 3011.38 3384.91 4244.29 4943.74 5251.72 5161.64 5470.77 5829.98 5812.13 5783.28 4581.21 4394.43 5160.56 5339.60 6367.04 6786.23 6720.59 6368.11 5902.23 5716.50 5257.27 3954.09 3561.67 
6902.97 5897.89 6131.28 4434.46 3189.08 2100.66 2186.10 1112.12 1333.23 304.55 54.04 1686.07 2109.45 2340.79 2585.67 3450.53 4665.80 3092.47 2539.93 2992.39 3097.07 2641.99 2524.41 1906.35 1963.82 1181.56 1335.45 1323.88 262.87 151.57 131.59 0.00 326.64 236.61 101.97 760.59 781.14 461.72 484.81 483.69 1263.25 1600.23 1120.84 1130.52 2596.44 2266.48 2148.96 1933.24 1444.49 1587.32 1910.33 1296.98 986.72 645.97 346.99 689.41 980.30 522.96 414.78 223.97 575.84 226.88 212.61 561.06 697.66 454.98 587.28 807.28 914.02 1151.02 1676.63 1353.24 1646.90 2101.59 1991.52 2467.56 2763.28 3149.11 3707.35 3894.04 3678.46 2872.16 4691.54 4369.04 4035.46 3094.64 2559.94 2214.60 2117.17 2261.92 2010.52 379.76 1789.14 1780.59 1655.69 2362.15 1709.06 1930.35 2535.37 2564.21 2924.52 3479.54 3218.11 2685.57 2667.65 2375.57 2650.89 4101.01 3582.88 4120.89 4255.63 4016.46 3779.85 3367.02 2880.35 3253.85 4113.10 4812.52 5120.58 5030.48 5339.62 5698.88 5680.95 5652.18 4450.05 4263.29 5029.43 5208.49 6235.95 6655.01 6589.47 6236.98 5771.01 5585.35 5126.11 3822.88 3430.59 
6577.13 5571.89 5805.47 4108.62 2863.28 1774.65 1860.49 786.15 1007.69 37.77 358.60 2011.52 2435.14 2666.42 2911.11 3776.13 4991.47 2766.50 2213.89 2666.42 2771.00 2316.35 2198.34 1580.17 1637.88 855.23 1009.97 997.58 585.25 467.17 195.05 326.64 0.00 95.76 234.36 1086.75 1105.60 786.23 810.91 806.83 1588.99 1925.88 1446.85 1455.63 2922.19 2591.96 2474.23 2258.49 1770.23 1912.62 2236.27 970.78 660.51 319.40 26.92 364.22 653.95 196.86 93.20 102.68 249.27 102.79 531.50 884.60 1022.98 779.54 911.91 1133.33 1240.00 1475.84 2001.73 1679.18 1972.58 2427.56 2317.50 2793.18 3088.96 3474.80 4032.98 4219.90 4004.08 3198.04 5017.06 4694.60 4361.02 3420.31 2885.49 2539.85 2442.98 2587.48 2336.18 702.31 2114.98 2106.04 1981.58 2687.60 2034.99 2256.31 2861.01 2889.93 3250.19 3805.07 3543.74 3011.13 2993.33 2700.97 2976.75 4426.61 3908.46 4446.78 4581.18 4342.10 4105.32 3692.75 3205.79 3579.36 4438.89 5138.36 5446.25 5356.20 5665.30 6024.44 6006.69 5977.74 4775.76 4588.95 5355.06 5534.08 6561.49 6980.84 6915.08 6562.61 6096.84 5911.04 5451.82 4148.72 3756.14 
6670.54 5665.16 5898.92 4202.09 2956.82 1868.09 1954.28 879.87 1101.71 68.15 264.64 1918.08 2341.84 2573.05 2817.58 3682.68 4898.03 2859.88 2307.24 2759.82 2864.28 2410.06 2291.66 1673.43 1731.41 948.47 1104.03 1090.79 491.47 372.73 106.90 236.61 95.76 0.00 140.11 994.22 1011.86 692.78 718.51 712.83 1495.85 1832.60 1353.99 1362.10 2828.89 2498.48 2380.61 2164.89 1677.06 1819.09 2143.21 1064.15 754.04 412.59 120.61 458.95 747.25 291.34 188.81 31.31 341.38 49.24 437.18 790.66 929.76 686.13 818.39 1040.66 1147.18 1382.13 1908.06 1586.21 1879.33 2334.51 2224.49 2699.80 2995.60 3381.43 3939.55 4126.64 3910.62 3104.86 4923.51 4601.07 4267.51 3326.93 2792.03 2446.22 2349.78 2494.07 2242.86 608.29 2021.85 2012.58 1888.51 2594.09 1941.95 2163.27 2767.63 2796.61 3156.81 3711.56 3450.31 2917.68 2899.99 2607.43 2883.55 4333.13 3814.98 4353.54 4487.66 4248.66 4011.76 3599.40 3112.23 3485.84 4345.56 5045.08 5352.79 5262.80 5571.86 5930.89 5913.28 5884.19 4682.37 4495.51 5261.59 5440.57 6467.92 6887.50 6821.55 6469.10 6003.52 5817.60 5358.41 4055.45 3662.64 
6810.64 5805.27 6039.01 4342.18 3096.91 2008.18 2094.32 1019.90 1241.68 208.07 124.53 1777.97 2201.74 2432.95 2677.48 3542.58 4757.93 2999.98 2447.34 2899.92 3004.38 2550.12 2431.76 1813.53 1871.49 1088.57 1243.98 1230.89 351.37 232.84 51.26 101.97 234.36 140.11 0.00 854.26 871.77 552.68 578.64 572.79 1355.75 1692.50 1213.94 1221.99 2688.79 2358.37 2240.52 2024.80 1536.96 1678.99 2003.12 1204.24 894.10 552.66 257.26 598.52 887.34 431.01 325.99 134.36 481.49 142.79 297.23 650.60 789.67 546.02 678.28 900.65 1007.14 1242.05 1767.98 1446.13 1739.23 2194.42 2084.40 2559.69 2855.49 3241.32 3799.45 3986.54 3770.52 2964.75 4783.42 4460.98 4127.41 3186.82 2651.93 2306.13 2209.68 2353.96 2102.76 468.24 1881.75 1872.48 1748.42 2453.99 1801.86 2023.18 2627.53 2656.51 3016.70 3571.46 3310.21 2777.58 2759.88 2467.33 2743.45 4193.03 3674.88 4213.44 4347.57 4108.56 3871.66 3459.29 2972.14 3345.74 4205.46 4904.97 5212.69 5122.70 5431.76 5790.80 5773.18 5744.10 4542.26 4355.41 5121.49 5300.48 6327.83 6747.39 6681.46 6329.01 5863.41 5677.50 5218.31 3915.35 3522.54 
7663.56 6658.48 6891.86 5195.05 3949.67 2861.24 2946.67 1872.69 2093.81 1062.30 729.96 926.05 1349.03 1580.40 1825.43 2690.10 3905.30 3853.06 3300.51 3752.98 3857.64 3402.56 3284.98 2666.87 2724.41 1941.98 2096.03 2084.32 503.97 623.69 891.92 760.59 1086.75 994.22 854.26 0.00 59.78 303.03 275.84 287.04 503.00 839.94 360.30 372.25 1835.95 1506.25 1389.04 1173.40 684.14 827.62 1149.76 2057.48 1747.20 1406.13 1107.57 1450.00 1740.70 1283.42 1175.33 984.28 1335.43 987.41 559.57 211.73 70.62 309.50 180.15 46.91 153.65 393.78 917.23 592.71 886.56 1341.01 1230.93 1707.16 2002.82 2388.63 2946.89 3133.48 2918.02 2111.60 3931.13 3608.62 3275.05 2334.18 1799.61 1454.67 1356.65 1501.60 1250.14 389.39 1028.62 1020.52 895.16 1601.94 948.51 1169.77 1774.95 1803.74 2164.07 2719.16 2457.67 1925.21 1907.19 1615.41 1890.33 3340.56 2822.47 3360.31 3495.22 3255.98 3019.51 2606.52 2120.10 2493.51 3352.56 4051.94 4360.08 4269.95 4579.10 4938.43 4920.42 4891.74 3689.54 3502.81 4268.94 4448.02 5475.50 5894.44 5828.98 5476.48 5010.44 4824.83 4365.58 3062.31 2670.21 
7682.39 6676.95 6910.77 5213.94 3968.68 2879.95 2966.04 1891.64 2113.29 1079.66 747.24 906.34 1330.22 1561.33 1805.74 2670.86 3886.20 3871.73 3319.09 3771.67 3876.10 3421.87 3303.50 2685.27 2743.26 1960.33 2115.57 2102.64 520.42 639.38 911.60 781.14 1105.60 1011.86 871.77 59.78 0.00 319.50 298.88 299.15 485.08 821.15 345.34 350.36 1817.23 1486.67 1368.75 1153.04 665.94 807.28 1132.09 2076.01 1765.86 1424.43 1127.26 1469.67 1759.10 1302.46 1195.51 1003.63 1353.19 1007.83 574.89 221.34 86.16 326.22 193.86 59.19 143.16 370.28 896.21 575.93 867.90 1323.35 1213.44 1688.05 1983.86 2369.67 2927.73 3114.96 2898.80 2093.31 3911.66 3589.22 3255.66 2315.16 1780.23 1434.36 1338.32 1482.30 1231.24 403.63 1010.61 1000.83 877.50 1582.26 930.98 1152.19 1755.89 1784.93 2145.04 2699.71 2438.51 1905.88 1888.26 1595.59 1872.02 3321.30 2803.15 3341.88 3475.81 3236.84 2999.90 2587.64 2100.38 2473.99 3333.81 4033.34 4340.96 4250.99 4560.03 4919.04 4901.47 4872.33 3670.56 3483.69 4249.75 4428.72 5456.06 5875.71 5809.70 5457.25 4991.74 4805.77 4346.59 3043.76 2650.80 
