202
0.00 1814.65 1895.09 2202.86 2137.16 2351.70 2445.39 2328.36 2792.17 2799.89 3059.01 2765.35 2445.23 2331.70 2537.64 1909.34 2964.37 3090.05 2969.99 2786.46 2964.40 3407.08 3619.29 3628.19 3855.02 2953.24 3295.81 3325.74 3428.30 2347.39 2667.89 2676.65 2869.98 2833.23 3068.88 3271.47 3381.50 3504.77 3652.68 3501.45 3418.05 3291.26 3162.31 3206.04 3297.06 3411.45 3300.16 3329.21 3389.46 3528.33 2368.52 2653.03 2815.37 2476.32 2563.06 2813.21 2657.55 2540.84 2585.27 2679.85 2674.15 2674.18 2476.26 2362.83 2490.78 2597.76 2703.40 2106.55 1903.62 1892.49 2140.63 2207.19 2025.43 434.29 2895.71 4789.06 5428.38 4742.41 5635.50 5431.77 5289.47 5557.58 3964.08 3402.58 3430.26 3986.20 4111.87 4269.79 4533.38 4829.19 4845.75 3950.90 3961.86 4197.49 3768.62 3890.64 3945.22 4166.65 3643.74 3874.02 4089.91 4296.50 3496.97 3608.17 3557.01 3543.91 3621.69 3603.80 3617.14 3617.11 3633.80 3857.39 4048.47 4111.93 4180.95 4219.71 4319.00 3557.23 3758.57 3761.71 3887.25 4051.91 3740.83 3837.22 4165.59 4085.45 3501.66 3533.73 3631.51 3641.57 3749.50 4074.24 4271.97 4401.12 4625.77 4522.45 3647.44 3838.41 4047.46 4182.00 4320.92 3777.28 4069.68 4064.05 4189.68 3825.13 4190.79 4399.83 4530.03 4661.42 4731.28 4529.06 4498.87 4293.38 4415.40 4416.64 4870.30 4825.97 4664.58 4970.25 5159.47 5391.91 4714.80 4937.08 5001.70 5309.58 4295.33 4410.15 4844.60 4644.68 4722.55 5175.97 4942.53 5201.59 4840.45 5058.28 5173.73 5421.68 5865.58 5502.85 5645.21 5722.01 5981.20 4415.74 4411.11 4556.62 4633.41 4853.49 5081.43 4833.52 5188.16 4992.64 5402.80 5543.13 5887.79 5857.64 4999.20 5332.77 5208.39 5429.44 5614.20 6518.27 
1814.65 0.00 87.61 388.70 322.69 537.06 631.35 513.82 977.69 985.31 1244.45 950.71 630.82 517.06 723.43 97.36 1149.78 1275.42 1155.38 971.84 1149.75 1592.53 1804.64 1813.54 2040.37 1138.62 1481.21 1511.10 1613.84 533.03 853.90 862.39 1055.46 1018.63 1254.28 1456.97 1566.94 1690.12 1838.03 1686.80 1603.40 1476.64 1347.66 1391.75 1482.58 1596.84 1485.57 1514.63 1575.07 1713.82 554.19 838.39 1000.75 661.78 748.54 998.61 842.96 726.37 770.70 865.37 859.54 859.69 661.77 548.28 676.26 783.66 889.24 295.05 89.79 77.91 326.80 392.61 215.53 1382.65 4710.29 6603.71 3613.74 2927.77 3820.91 3617.12 3474.82 3742.95 2149.45 1587.99 1615.68 2171.60 2297.22 2455.14 2718.74 3014.55 3031.10 2136.36 2147.24 2382.85 1954.16 2075.99 2130.61 2352.13 1829.15 2059.40 2275.37 2481.85 1682.33 1793.52 1742.42 1729.40 1807.12 1789.17 1802.51 1802.47 1819.16 2042.79 2233.88 2297.29 2366.34 2405.08 2504.48 1742.70 1944.08 1947.09 2072.61 2237.27 1926.39 2022.58 2351.10 2270.91 1687.16 1719.09 1816.92 1826.93 1934.89 2259.65 2457.34 2586.50 2811.17 2707.90 1833.01 2023.78 2232.82 2367.36 2506.27 1962.66 2255.04 2249.41 2375.07 2010.53 2376.18 2585.21 2715.39 2846.84 2916.63 2714.47 2684.23 2478.83 2600.78 2602.00 3055.66 3011.38 2849.94 3155.62 3344.84 3577.30 2900.22 3122.45 3187.12 3494.95 2480.69 2595.61 3029.97 2830.08 2907.96 3361.33 3127.88 3386.94 3025.88 3243.66 3359.10 3607.05 4050.95 3688.22 3830.57 3907.36 4166.57 2601.20 2596.49 2741.98 2818.76 3038.87 3266.81 3018.87 3373.56 3178.00 3588.16 3728.51 4073.15 4042.99 3184.55 3518.12 3393.76 3614.84 3799.55 4703.63 
1895.09 87.61 0.00 308.30 243.53 458.39 550.42 436.16 897.41 905.32 1164.28 871.16 550.60 438.10 642.72 18.94 1070.74 1195.61 1075.46 892.82 1070.05 1512.27 1724.96 1733.85 1960.65 1059.45 1401.15 1431.56 1533.38 452.79 772.83 781.70 975.27 938.72 1175.08 1376.60 1486.70 1610.43 1758.18 1606.99 1523.65 1397.26 1267.96 1311.02 1402.17 1516.78 1406.33 1434.46 1494.47 1633.45 473.88 759.17 921.70 581.89 668.51 918.71 763.08 646.23 690.84 785.15 780.67 781.28 583.78 470.45 596.30 702.75 808.39 211.56 48.63 32.32 245.94 313.59 130.67 1462.21 4790.27 6683.91 3533.88 2847.74 3740.61 3537.15 3394.81 3662.75 2069.39 1507.86 1536.46 2092.11 2217.48 2375.26 2638.69 2934.44 2951.24 2055.99 2067.15 2303.05 1873.65 1996.08 2050.45 2271.72 1749.81 1979.31 2194.99 2401.90 1602.80 1713.88 1663.08 1649.02 1726.86 1709.16 1722.50 1722.55 1739.22 1962.60 2154.43 2217.30 2286.18 2325.45 2424.06 1662.36 1863.63 1867.02 1993.01 2157.24 1845.86 1942.94 2270.63 2190.54 1606.76 1639.15 1737.58 1747.03 1854.77 2179.42 2377.67 2506.34 2730.94 2627.54 1752.45 1943.77 2152.79 2287.34 2426.46 1882.58 2175.05 2169.73 2295.54 1930.36 2296.63 2505.57 2635.36 2766.53 2836.63 2634.20 2604.25 2398.48 2521.20 2521.93 2975.59 2931.10 2769.89 3075.85 3264.68 3497.08 2819.91 3042.29 3106.80 3414.79 2400.96 2515.24 2950.27 2749.85 2827.68 3281.51 3047.90 3306.99 2945.56 3163.49 3279.31 3527.28 3970.76 3608.45 3750.69 3827.34 4086.41 2520.80 2516.35 2662.28 2738.80 2959.20 3187.09 2939.01 3293.95 3097.89 3508.32 3648.30 3993.00 3963.02 3104.66 3438.24 3313.60 3535.20 3719.47 4623.48 
2202.86 388.70 308.30 0.00 66.36 150.65 242.66 130.00 589.33 597.14 856.19 562.89 242.41 130.21 334.81 293.55 762.45 887.41 767.28 584.53 761.81 1204.25 1416.76 1425.65 1652.46 751.15 1093.04 1123.31 1225.45 144.56 465.22 473.82 667.16 630.52 866.79 1068.61 1178.67 1302.23 1450.02 1298.82 1215.46 1088.99 959.74 1003.22 1094.21 1208.68 1098.04 1126.40 1186.61 1325.48 165.68 450.88 613.41 273.62 360.30 610.50 454.85 338.04 382.59 477.02 472.41 473.15 276.13 163.56 288.05 395.00 500.62 99.78 301.09 310.80 62.36 14.07 179.74 1770.28 5098.28 6991.85 3225.77 2539.67 3432.66 3229.07 3086.74 3354.77 1761.31 1199.78 1228.18 1783.88 1909.31 2067.14 2330.63 2626.41 2643.12 1748.05 1759.09 1994.90 1565.76 1687.96 1742.42 1963.80 1441.54 1671.25 1887.05 2093.80 1294.56 1405.67 1354.82 1341.06 1418.85 1401.05 1414.40 1414.42 1431.09 1654.58 1846.20 1909.21 1978.15 2017.26 2116.15 1354.38 1555.71 1558.94 1684.80 1849.16 1537.98 1634.73 1962.74 1882.60 1298.81 1331.02 1429.32 1438.89 1546.71 1871.42 2069.48 2198.32 2422.95 2319.60 1444.59 1635.67 1844.71 1979.26 2118.31 1574.51 1866.96 1861.54 1987.32 1622.33 1988.42 2197.38 2327.29 2458.57 2528.55 2326.23 2296.16 2090.53 2212.99 2213.87 2667.54 2623.13 2461.83 2767.71 2956.67 3189.09 2511.96 2734.28 2798.86 3106.78 2092.79 2207.30 2642.11 2441.86 2519.71 2973.38 2739.82 2998.91 2637.61 2855.48 2971.17 3219.14 3662.77 3300.32 3442.59 3519.29 3778.41 2212.88 2208.32 2354.11 2430.71 2651.02 2878.93 2630.89 2985.77 2789.86 3200.20 3340.32 3685.00 3654.95 2796.55 3130.14 3005.59 3227.02 3411.44 4315.48 
2137.16 322.69 243.53 66.36 0.00 214.95 308.73 192.67 655.05 662.73 921.85 628.28 308.13 194.74 400.74 228.22 827.63 952.93 832.84 649.67 827.29 1269.93 1482.24 1491.13 1717.96 816.39 1158.66 1188.73 1291.20 210.34 531.25 539.70 732.83 696.07 932.05 1134.34 1244.34 1367.71 1515.56 1364.34 1280.96 1154.35 1025.22 1069.06 1159.95 1274.29 1163.35 1192.05 1252.41 1391.20 231.50 516.08 678.57 339.16 425.91 676.06 520.39 403.71 448.11 542.72 537.43 537.89 340.27 226.92 353.62 460.99 566.56 46.45 234.78 244.79 13.75 70.13 117.81 1704.80 5032.70 6926.20 3291.32 2605.27 3498.34 3294.66 3152.34 3420.42 1826.93 1265.42 1293.48 1849.29 1974.82 2132.69 2396.23 2692.03 2708.67 1813.76 1824.71 2060.42 1631.52 1753.52 1808.06 2029.52 1506.90 1736.87 1952.77 2159.37 1359.98 1471.14 1420.17 1406.78 1484.53 1466.65 1479.99 1479.98 1496.66 1720.23 1911.60 1974.80 2043.79 2082.72 2181.87 1420.09 1621.45 1624.56 1750.26 1914.76 1603.75 1700.20 2028.48 1948.30 1364.53 1396.59 1494.67 1504.44 1612.34 1937.08 2134.96 2263.96 2488.61 2385.31 1510.36 1701.26 1910.31 2044.85 2183.84 1640.12 1932.54 1927.03 2052.76 1687.97 2053.86 2262.85 2392.89 2524.26 2594.15 2391.90 2361.75 2156.23 2278.45 2279.49 2733.16 2688.81 2527.44 2833.22 3022.31 3254.75 2577.64 2799.92 2864.55 3172.42 2158.29 2273.01 2707.60 2507.52 2585.39 3038.92 2805.41 3064.48 2703.30 2921.13 3036.70 3284.66 3728.42 3365.83 3508.14 3584.88 3844.05 2278.60 2273.95 2419.61 2496.29 2716.51 2944.43 2696.43 3051.24 2855.49 3265.74 3405.97 3750.63 3720.53 2862.11 3195.69 3071.23 3292.50 3477.05 4381.12 
2351.70 537.06 458.39 150.65 214.95 0.00 99.18 25.86 441.00 448.42 707.54 413.67 95.76 20.50 188.28 443.16 612.78 738.39 618.40 434.83 612.72 1055.59 1267.59 1276.48 1503.31 601.60 944.22 974.04 1076.98 21.59 318.60 326.39 518.64 481.68 717.25 920.10 1029.99 1153.06 1300.98 1149.75 1066.35 939.60 810.61 855.13 945.73 1059.84 948.55 977.67 1038.30 1176.90 27.80 301.33 463.73 125.51 212.01 461.68 306.12 190.08 233.95 328.77 322.55 322.94 125.50 15.73 139.99 248.46 353.40 250.14 448.27 459.24 212.81 144.82 330.39 1919.57 5247.34 7140.76 3076.68 2390.72 3283.89 3080.07 2937.77 3205.92 1612.42 1051.01 1078.68 1634.56 1760.17 1918.08 2181.70 2477.52 2494.05 1599.41 1610.21 1845.79 1417.27 1538.94 1593.60 1815.17 1292.13 1522.38 1738.42 1944.80 1145.28 1256.47 1205.39 1192.49 1270.16 1252.14 1265.48 1265.43 1282.12 1505.79 1696.85 1760.25 1829.32 1868.03 1967.52 1205.77 1407.17 1410.07 1535.56 1700.23 1389.52 1485.52 1814.17 1733.95 1150.26 1182.05 1279.90 1289.88 1397.87 1722.65 1920.28 2049.48 2274.15 2170.91 1296.17 1486.74 1695.78 1830.32 1969.21 1425.63 1718.00 1712.35 1838.03 1473.53 1839.14 2048.16 2178.34 2309.84 2379.58 2177.46 2147.18 1941.85 2063.74 2064.96 2518.62 2474.36 2312.90 2618.56 2807.81 3040.27 2363.22 2585.42 2650.12 2957.91 1943.63 2058.63 2492.92 2293.07 2370.95 2824.27 2590.83 2849.89 2488.87 2706.63 2822.04 3070.00 3513.91 3151.17 3293.51 3370.31 3629.53 2064.24 2059.46 2204.93 2281.71 2501.82 2729.76 2481.81 2836.52 2640.96 3051.11 3191.48 3536.11 3505.93 2647.50 2981.07 2856.73 3077.80 3262.51 4166.58 
2445.39 631.35 550.42 242.66 308.73 99.18 0.00 124.94 347.04 355.10 613.89 321.44 12.23 117.04 92.32 536.05 521.27 645.35 525.18 343.83 519.90 961.85 1174.65 1183.54 1410.30 509.82 850.76 881.37 982.97 98.61 222.57 231.28 424.91 388.53 625.30 826.18 936.28 1060.13 1207.81 1056.65 973.34 847.18 717.74 760.65 851.75 966.39 856.35 884.05 944.09 1083.04 77.53 210.59 372.55 35.86 118.89 368.54 213.22 96.55 141.37 234.88 232.72 234.70 57.99 93.53 48.54 152.37 258.01 339.41 543.42 553.45 304.77 239.21 420.56 2012.63 5340.68 7234.31 2983.48 2297.32 3190.21 2986.73 2844.39 3112.34 1518.97 957.45 986.44 1541.84 1667.12 1824.87 2088.27 2384.02 2400.83 1505.58 1516.74 1752.67 1323.26 1445.69 1500.03 1721.32 1199.65 1428.90 1644.58 1851.49 1052.57 1163.59 1112.95 1098.60 1176.45 1158.76 1172.11 1172.18 1188.83 1412.19 1604.18 1666.90 1735.76 1775.12 1873.67 1111.95 1313.23 1316.61 1442.70 1606.83 1295.47 1392.62 1720.24 1640.13 1056.35 1088.77 1187.43 1196.65 1304.36 1629.00 1827.32 1955.92 2180.53 2077.14 1202.07 1393.36 1602.38 1736.92 1876.08 1332.17 1624.64 1619.39 1745.24 1379.95 1746.32 1955.23 2084.95 2216.12 2286.21 2083.79 2053.84 1848.07 1970.86 1971.51 2425.17 2380.69 2219.48 2525.47 2714.26 2946.66 2269.50 2491.87 2556.39 2864.37 1850.60 1964.83 2399.90 2199.43 2277.27 2731.11 2497.49 2756.58 2395.15 2613.07 2728.92 2976.88 3420.35 3058.06 3200.28 3276.93 3535.99 1970.40 1965.93 2111.92 2188.39 2408.83 2636.71 2388.60 2743.59 2547.48 2957.91 3097.89 3442.59 3412.60 2554.25 2887.83 2763.19 2984.83 3169.05 4073.06 
2328.36 513.82 436.16 130.00 192.67 25.86 124.94 0.00 465.04 472.27 731.29 437.30 121.12 15.92 213.27 420.61 636.01 761.96 642.09 458.12 636.30 1079.27 1290.99 1299.88 1526.70 624.90 967.84 997.42 1100.74 37.38 343.31 350.86 542.53 505.46 740.53 943.86 1053.67 1176.48 1324.44 1173.22 1089.80 962.91 834.10 879.07 969.51 1083.43 971.80 1001.33 1062.12 1200.60 52.11 324.87 487.03 150.27 236.39 485.47 330.12 214.65 258.12 352.95 345.82 345.86 147.95 34.47 164.70 273.30 377.90 229.78 424.75 436.11 191.46 122.84 309.23 1896.47 5224.05 7117.39 3100.04 2414.17 3307.39 3103.47 2961.19 3229.40 1635.93 1074.64 1101.90 1657.84 1783.54 1941.50 2205.16 2500.99 2517.43 1623.04 1633.73 1869.18 1440.98 1562.40 1617.16 1838.80 1315.38 1545.91 1762.04 1968.25 1168.63 1279.85 1228.65 1216.19 1293.79 1275.68 1289.02 1288.92 1305.62 1529.37 1720.11 1783.72 1852.85 1891.35 1991.14 1229.45 1430.86 1433.61 1558.90 1723.72 1413.25 1508.88 1837.82 1757.56 1173.97 1205.57 1303.15 1313.36 1421.43 1746.21 1943.62 2073.00 2297.67 2194.49 1319.92 1510.24 1719.27 1853.80 1992.60 1449.17 1741.47 1735.70 1861.32 1497.10 1862.43 2071.48 2201.79 2333.39 2403.02 2201.00 2170.62 1965.45 2087.04 2088.44 2542.08 2497.90 2336.36 2641.90 2831.28 3063.76 2386.78 2608.90 2673.66 2981.38 1966.99 2082.22 2516.24 2316.60 2394.49 2847.62 2614.25 2873.29 2512.42 2730.11 2845.39 3093.33 3537.37 3174.49 3316.87 3393.72 3652.99 2087.84 2082.96 2228.27 2305.14 2525.13 2753.08 2505.20 2859.80 2664.42 3074.46 3214.96 3559.56 3529.32 2670.89 3004.44 2880.20 3101.08 3285.94 4190.02 
2792.17 977.69 897.41 589.33 655.05 441.00 347.04 465.04 0.00 11.01 266.88 32.70 346.94 460.78 254.72 882.88 176.21 298.35 178.19 32.72 173.16 614.91 827.61 836.50 1063.26 164.42 503.74 534.39 636.15 444.79 125.80 115.98 77.87 42.34 279.01 479.29 589.33 713.10 860.78 709.61 626.30 500.30 370.76 414.13 504.90 619.38 509.55 537.07 597.38 736.16 423.66 141.13 39.81 315.92 229.16 23.38 134.92 251.34 207.06 112.33 122.20 125.21 318.31 430.68 301.44 194.97 89.95 686.43 889.18 899.80 651.60 585.09 767.60 2359.59 5687.61 7581.18 2636.48 1950.35 2843.33 2639.76 2497.42 2765.43 1171.99 610.46 639.57 1194.80 1320.09 1477.86 1741.30 2037.08 2053.83 1158.72 1169.77 1405.64 976.47 1098.67 1153.08 1374.48 852.67 1081.92 1297.73 1504.49 705.56 816.56 765.99 751.74 829.52 811.75 825.10 825.15 841.81 1065.24 1257.14 1319.90 1388.82 1428.08 1526.83 765.06 966.41 969.62 1095.66 1259.85 948.70 1045.58 1373.43 1293.27 709.49 741.75 840.45 849.62 957.38 1282.08 1480.28 1608.98 1833.62 1730.28 855.32 1046.36 1255.40 1389.94 1529.05 985.19 1277.65 1272.35 1398.20 1032.99 1399.28 1608.19 1737.97 1869.25 1939.24 1736.89 1706.85 1501.21 1623.82 1624.55 2078.22 2033.80 1872.51 2178.45 2367.34 2599.76 1922.63 2144.95 2209.53 2517.45 1503.57 1617.98 2052.87 1852.53 1930.38 2384.11 2150.51 2409.60 2048.28 2266.15 2381.90 2629.87 3073.44 2711.05 2853.29 2929.97 3189.08 1623.57 1618.99 1764.89 1841.40 2061.80 2289.68 2041.60 2396.56 2200.53 2610.91 2750.98 3095.67 3065.63 2207.25 2540.84 2416.26 2637.80 2822.11 3726.15 
2799.89 985.31 905.32 597.14 662.73 448.42 355.10 472.27 11.01 0.00 259.14 36.22 354.74 468.28 262.82 890.69 167.08 290.29 170.14 27.87 164.81 607.22 819.64 828.53 1055.33 155.38 495.93 526.28 628.57 452.58 134.77 124.55 70.27 33.43 270.41 471.68 581.63 705.11 852.89 701.69 618.33 492.08 362.66 406.81 497.32 611.57 501.26 529.32 589.88 728.51 431.47 147.72 29.00 323.58 236.85 13.53 142.35 259.10 214.61 120.22 128.01 130.29 325.17 437.87 309.12 203.36 99.02 694.50 896.67 907.43 659.44 592.71 775.65 2367.42 5695.40 7588.93 2628.63 1942.55 2835.62 2631.95 2489.63 2757.69 1164.20 602.70 631.34 1186.80 1312.18 1470.00 1733.51 2029.31 2045.98 1151.05 1161.98 1397.76 968.87 1090.82 1145.33 1366.82 844.56 1074.14 1290.07 1496.67 697.50 808.57 757.86 744.10 821.82 803.93 817.27 817.28 833.96 1057.50 1249.13 1312.08 1381.07 1420.14 1519.17 757.39 958.78 961.83 1087.69 1252.04 941.12 1037.62 1365.80 1285.60 701.86 733.88 832.34 841.75 949.61 1274.35 1472.36 1601.23 1825.88 1722.59 847.76 1038.55 1247.59 1382.14 1521.18 977.40 1269.83 1264.42 1390.22 1025.25 1391.31 1600.26 1730.17 1861.54 1931.43 1729.17 1699.04 1493.52 1615.88 1616.76 2070.44 2026.08 1864.72 2170.57 2359.58 2592.02 1914.92 2137.19 2201.83 2509.69 1495.66 1610.30 2044.97 1844.80 1922.67 2376.25 2142.70 2401.78 2040.58 2258.40 2374.04 2622.00 3065.69 2703.18 2845.45 2922.17 3181.32 1615.89 1611.22 1756.98 1833.58 2053.89 2281.80 2033.75 2388.64 2192.76 2603.06 2743.24 3087.91 3057.82 2199.42 2533.00 2408.51 2629.89 2814.33 3718.39 
3059.01 1244.45 1164.28 856.19 921.85 707.54 613.89 731.29 266.88 259.14 0.00 294.02 613.79 727.42 521.58 1149.75 100.60 33.45 89.29 274.07 95.61 348.08 560.81 569.70 796.42 109.82 236.87 267.98 369.45 711.64 391.92 382.67 189.03 225.86 33.76 212.57 322.49 446.33 593.92 442.79 359.54 234.32 104.75 148.45 238.22 352.50 243.90 270.20 330.85 469.37 690.51 406.46 245.36 582.69 495.94 245.86 401.48 518.17 473.75 379.17 385.90 386.80 583.87 696.86 568.23 461.68 356.16 953.25 1155.80 1166.57 918.47 851.85 1034.43 2626.46 5954.47 7848.03 2369.60 1683.48 2576.50 2372.89 2230.55 2498.58 905.12 343.59 373.41 928.03 1053.23 1210.98 1474.43 1770.21 1786.95 891.92 902.90 1138.78 709.74 831.80 886.22 1107.68 586.09 815.05 1030.93 1237.62 438.91 549.79 499.49 484.96 562.68 544.88 558.22 558.28 574.94 798.39 990.37 1053.03 1121.96 1161.24 1260.03 498.25 699.64 702.75 828.85 992.97 681.99 778.77 1106.66 1026.46 442.72 474.88 573.89 582.76 690.51 1015.23 1213.43 1342.13 1566.77 1463.46 588.64 779.49 988.52 1123.07 1262.18 718.32 1010.77 1005.51 1131.38 766.13 1132.46 1341.34 1471.10 1602.41 1672.36 1470.05 1439.98 1234.39 1356.98 1357.68 1811.35 1766.96 1605.64 1911.58 2100.48 2332.91 1655.79 1878.09 1942.70 2250.59 1236.71 1351.16 1786.00 1585.68 1663.54 2117.23 1883.64 2142.72 1781.45 1999.29 2115.03 2363.00 2806.58 2444.17 2586.42 2663.10 2922.22 1356.76 1352.12 1498.02 1574.53 1794.94 2022.82 1774.72 2129.70 1933.67 2344.04 2484.13 2828.81 2798.76 1940.38 2273.96 2149.40 2370.93 2555.24 3459.29 
2765.35 950.71 871.16 562.89 628.28 413.67 321.44 437.30 32.70 36.22 294.02 0.00 320.61 433.65 229.38 856.37 199.83 324.71 204.79 24.99 199.05 641.97 853.97 862.86 1089.69 188.39 530.56 560.46 663.45 418.38 104.50 93.20 105.84 68.41 303.95 506.58 616.37 739.44 887.32 736.10 652.70 526.11 396.96 442.04 532.23 646.17 535.16 564.03 624.88 763.30 397.31 112.44 51.78 289.27 202.74 48.63 108.22 225.07 180.35 87.23 92.15 94.12 289.87 402.86 274.87 170.76 70.12 660.66 861.92 872.86 625.23 558.20 741.76 2333.07 5660.95 7554.42 2663.06 1977.06 2870.21 2666.42 2524.11 2792.25 1198.75 637.36 665.29 1221.03 1346.55 1504.44 1768.03 2063.85 2080.41 1185.77 1196.54 1432.16 1003.68 1125.28 1179.93 1401.52 878.66 1108.71 1324.77 1531.15 731.71 842.86 791.93 778.89 856.51 838.47 851.81 851.76 868.45 1092.12 1283.34 1346.58 1415.65 1454.45 1553.87 792.15 993.56 996.40 1121.98 1286.56 975.95 1071.93 1400.54 1320.29 736.67 768.38 866.44 876.22 984.20 1308.98 1506.69 1635.81 1860.48 1757.25 882.63 1073.07 1282.11 1416.65 1555.58 1011.96 1304.33 1298.75 1424.48 1059.86 1425.58 1634.58 1764.68 1896.17 1965.92 1763.79 1733.52 1528.19 1650.17 1651.29 2104.96 2060.69 1899.24 2204.95 2394.14 2626.60 1949.55 2171.75 2236.45 2544.24 1530.02 1644.97 2079.33 1879.40 1957.28 2410.65 2177.18 2436.24 2075.20 2292.96 2408.43 2656.39 3100.24 2737.56 2879.88 2956.66 3215.86 1650.58 1645.78 1791.33 1868.06 2088.23 2316.16 2068.18 2422.96 2227.29 2637.48 2777.81 3122.44 3092.29 2233.86 2567.43 2443.06 2664.23 2848.85 3752.92 
2445.23 630.82 550.60 242.41 308.13 95.76 12.23 121.12 346.94 354.74 613.79 320.61 0.00 114.64 92.83 535.96 520.34 645.02 524.88 342.58 519.44 961.85 1174.37 1183.26 1410.07 508.97 850.64 880.96 983.08 97.85 223.39 231.61 424.76 388.12 624.57 826.23 936.27 1059.84 1207.62 1056.42 973.07 846.67 717.37 760.93 851.84 966.28 855.76 884.00 944.28 1083.10 76.73 209.00 371.40 31.63 117.91 368.11 212.48 95.63 140.26 234.62 230.87 232.34 48.12 88.38 45.81 153.13 258.51 340.11 542.53 552.92 304.70 238.27 421.16 2012.69 5340.68 7234.25 2983.36 2297.27 3190.28 2986.67 2844.34 3112.37 1518.91 957.38 985.89 1541.51 1666.92 1824.73 2088.22 2384.01 2400.71 1505.66 1516.69 1752.49 1323.40 1445.55 1500.02 1721.42 1199.21 1428.84 1644.67 1851.39 1052.19 1163.29 1112.49 1098.68 1176.46 1158.65 1171.99 1172.01 1188.69 1412.18 1603.83 1666.80 1735.75 1774.87 1873.77 1112.00 1313.34 1316.54 1442.42 1606.75 1295.63 1392.35 1720.37 1640.21 1056.43 1088.61 1186.99 1196.48 1304.31 1629.02 1827.09 1955.92 2180.56 2077.22 1202.24 1393.27 1602.31 1736.85 1875.91 1332.10 1624.55 1619.15 1744.95 1379.93 1746.04 1954.99 2084.89 2216.19 2286.15 2083.83 2053.76 1848.15 1970.61 1971.47 2425.14 2380.74 2219.43 2525.31 2714.27 2946.70 2269.57 2491.88 2556.47 2864.38 1850.40 1964.92 2399.71 2199.46 2277.32 2730.98 2497.42 2756.50 2395.22 2613.08 2728.77 2976.74 3420.38 3057.91 3200.18 3276.88 3536.01 1970.51 1965.92 2111.72 2188.30 2408.63 2636.53 2388.48 2743.38 2547.46 2957.80 3097.92 3442.60 3412.54 2554.15 2887.73 2763.20 2984.63 3169.03 4073.08 
2331.70 517.06 438.10 130.21 194.74 20.50 117.04 15.92 460.78 468.28 727.42 433.65 114.64 0.00 207.43 422.96 632.90 758.35 638.33 454.94 632.69 1075.49 1287.61 1296.50 1523.34 621.68 964.15 994.08 1096.84 22.82 337.93 345.91 538.47 501.58 737.34 939.96 1049.90 1173.08 1320.98 1169.75 1086.35 959.66 830.61 874.90 965.59 1079.78 968.64 997.58 1058.13 1196.79 40.78 321.38 483.84 144.98 231.67 481.57 325.95 209.62 253.72 348.49 342.69 343.19 145.93 34.81 159.48 267.70 372.88 229.64 428.41 439.21 192.42 124.62 309.94 1899.48 5227.31 7120.76 3096.70 2410.71 3303.84 3100.07 2957.76 3225.89 1632.39 1070.94 1098.77 1654.62 1780.19 1938.09 2201.68 2497.49 2514.06 1619.33 1630.18 1865.81 1437.15 1558.94 1613.55 1835.09 1312.21 1542.34 1758.34 1964.80 1165.32 1276.50 1225.47 1212.38 1290.08 1272.11 1285.45 1285.41 1302.10 1525.74 1716.92 1780.23 1849.28 1888.07 1987.44 1225.67 1427.06 1430.03 1555.60 1720.21 1409.40 1505.56 1834.08 1753.87 1170.14 1202.03 1299.98 1309.87 1417.83 1742.59 1940.32 2069.44 2294.11 2190.85 1316.03 1506.71 1715.76 1850.30 1989.23 1445.59 1737.98 1732.39 1858.09 1493.48 1859.19 2068.20 2198.33 2329.78 2399.58 2197.41 2167.17 1961.78 2083.79 2084.94 2538.60 2494.32 2332.88 2638.59 2827.78 3060.24 2383.17 2605.39 2670.07 2977.88 1963.66 2078.56 2512.96 2313.02 2390.90 2844.30 2610.83 2869.90 2508.82 2726.60 2842.07 3090.03 3533.88 3171.20 3313.53 3390.31 3649.51 2084.16 2079.42 2224.97 2301.71 2521.86 2749.79 2501.83 2856.58 2660.94 3071.13 3211.45 3556.09 3525.94 2667.51 3001.08 2876.70 3097.85 3282.50 4186.57 
2537.64 723.43 642.72 334.81 400.74 188.28 92.32 213.27 254.72 262.82 521.58 229.38 92.83 207.43 0.00 628.30 429.18 553.04 432.87 252.09 427.62 869.55 1082.33 1091.22 1317.98 417.68 758.44 789.07 890.69 190.41 130.57 139.01 332.59 296.25 533.09 733.88 843.98 967.82 1115.50 964.33 881.03 754.89 625.43 668.41 759.46 874.07 764.08 791.74 851.82 990.75 169.25 119.76 280.69 63.11 28.85 276.27 121.24 11.61 50.64 142.61 142.20 145.25 76.95 179.61 48.89 60.30 165.81 431.72 635.28 645.52 397.00 330.99 512.88 2104.93 5432.97 7326.59 2891.17 2205.01 3097.93 2894.43 2752.09 3020.05 1426.67 865.14 894.15 1449.52 1574.81 1732.56 1995.97 2291.72 2308.52 1413.30 1424.43 1660.35 1230.99 1353.38 1407.73 1629.04 1107.35 1336.59 1552.30 1759.18 960.26 1071.28 1020.65 1006.32 1084.15 1066.45 1079.79 1079.86 1096.52 1319.89 1511.86 1574.59 1643.46 1682.80 1781.39 1019.65 1220.95 1224.30 1350.38 1514.52 1203.20 1300.31 1627.97 1547.85 964.06 996.46 1095.13 1104.34 1212.05 1536.71 1735.00 1863.62 2088.24 1984.86 1109.80 1301.05 1510.08 1644.62 1783.76 1239.87 1532.33 1527.07 1652.92 1287.64 1654.00 1862.91 1992.64 2123.84 2193.91 1991.50 1961.53 1755.79 1878.55 1879.21 2332.87 2288.40 2127.17 2433.15 2621.97 2854.38 2177.22 2399.58 2464.11 2772.08 1758.28 1872.55 2307.58 2107.14 2184.99 2638.80 2405.18 2664.27 2302.87 2520.78 2636.60 2884.57 3328.06 2965.75 3107.98 3184.62 3443.70 1878.13 1873.63 2019.60 2096.08 2316.51 2544.39 2296.29 2651.28 2455.18 2865.60 3005.60 3350.29 3320.30 2461.94 2795.53 2670.89 2892.51 3076.75 3980.77 
1909.34 97.36 18.94 293.55 228.22 443.16 536.05 420.61 882.88 890.69 1149.75 856.37 535.96 422.96 628.30 0.00 1055.81 1180.95 1060.83 877.86 1055.34 1497.79 1710.29 1719.19 1946.01 1044.56 1386.60 1416.83 1518.98 438.11 758.58 767.31 960.72 924.06 1160.22 1362.15 1472.22 1595.76 1743.57 1592.37 1509.00 1382.47 1253.28 1296.70 1387.74 1502.24 1391.50 1419.95 1480.12 1619.02 459.23 744.25 906.75 567.14 653.84 904.05 748.39 631.59 676.12 770.58 765.64 766.11 568.41 454.97 581.58 688.42 794.06 198.19 36.01 26.05 231.29 298.35 118.20 1476.73 4804.73 6698.31 3519.32 2833.22 3726.21 3522.63 3380.30 3648.31 2054.87 1493.34 1521.63 2077.40 2202.86 2360.69 2624.18 2919.96 2936.67 2041.58 2052.64 2288.44 1859.28 1981.51 2035.97 2257.33 1735.03 1964.80 2180.59 2387.35 1588.08 1699.21 1648.30 1634.60 1712.40 1694.61 1707.95 1707.97 1724.64 1948.13 2139.71 2202.76 2271.70 2310.79 2409.68 1647.92 1849.24 1852.49 1978.33 2142.71 1831.50 1928.27 2256.26 2176.13 1592.34 1624.57 1722.81 1732.44 1840.26 2164.96 2363.02 2491.87 2716.50 2613.14 1738.10 1929.22 2138.27 2272.81 2411.86 1868.06 2160.51 2155.08 2280.85 1915.88 2281.94 2490.92 2620.85 2752.12 2822.11 2619.77 2589.72 2384.07 2506.53 2507.43 2961.10 2916.67 2755.39 3061.26 3250.22 3482.64 2805.49 3027.83 3092.39 3400.33 2386.34 2500.84 2935.65 2735.41 2813.26 3266.93 3033.38 3292.46 2931.15 3149.03 3264.72 3512.69 3956.32 3593.86 3736.14 3812.84 4071.96 2506.42 2501.87 2647.66 2724.26 2944.56 3172.48 2924.44 3279.31 3083.41 3493.75 3633.86 3978.55 3948.50 3090.11 3423.69 3299.14 3520.57 3704.99 4609.03 
2964.37 1149.78 1070.74 762.45 827.63 612.78 521.27 636.01 176.21 167.08 100.60 199.83 520.34 632.90 429.18 1055.81 0.00 127.60 27.26 177.96 20.02 444.35 655.05 663.94 890.74 11.98 332.81 361.51 466.25 618.02 301.84 291.58 100.60 133.89 104.54 309.94 418.78 540.58 688.60 537.43 454.01 326.93 198.72 247.86 335.58 448.08 335.80 366.44 428.24 565.59 596.99 311.57 149.06 488.92 402.52 153.56 308.05 424.87 380.10 286.73 290.24 290.26 488.13 601.54 474.56 370.18 266.05 860.43 1060.75 1072.00 824.80 757.51 941.50 2532.36 5860.05 7753.39 2464.04 1778.23 2671.51 2467.49 2325.22 2593.48 1000.14 439.45 465.91 1021.84 1147.56 1305.54 1569.25 1865.08 1881.44 987.55 997.95 1233.21 805.85 926.52 981.45 1203.23 679.38 910.16 1126.49 1332.32 532.66 643.89 592.65 581.19 658.43 640.01 653.34 653.15 669.86 893.72 1084.11 1147.84 1217.07 1255.35 1355.52 594.32 795.64 797.90 922.91 1087.87 778.20 872.89 1202.33 1121.99 539.09 569.88 667.15 677.56 785.77 1110.51 1307.62 1437.17 1661.85 1558.77 685.08 874.45 1083.43 1217.92 1356.62 813.45 1105.60 1099.71 1225.31 861.46 1226.43 1435.47 1565.87 1697.61 1767.08 1565.21 1534.68 1329.78 1451.03 1452.55 1906.15 1862.07 1700.43 2005.90 2195.37 2427.86 1750.99 1973.01 2037.85 2345.45 1330.99 1446.54 1880.23 1680.77 1758.67 2211.62 1978.28 2237.31 1876.62 2094.21 2209.38 2457.32 2901.43 2538.49 2680.87 2757.74 3017.04 1452.18 1447.11 1592.26 1669.18 1889.12 2117.07 1869.21 2223.80 2028.50 2438.46 2579.05 2923.61 2893.33 2034.90 2368.44 2244.29 2465.08 2649.98 3554.06 
3090.05 1275.42 1195.61 887.41 952.93 738.39 645.35 761.96 298.35 290.29 33.45 324.71 645.02 758.35 553.04 1180.95 127.60 0.00 120.17 304.07 125.67 317.40 529.35 538.25 765.06 137.92 205.90 236.04 339.08 742.86 423.77 414.30 220.50 256.89 29.10 182.47 291.80 414.82 562.64 411.42 328.05 202.04 72.41 120.67 208.13 321.47 211.45 239.44 300.85 438.73 721.75 437.10 275.22 613.81 527.11 276.91 432.56 549.39 504.84 410.49 416.24 416.78 614.31 727.50 599.37 493.31 387.95 984.75 1186.62 1197.56 949.72 882.87 1065.91 2657.68 5985.62 7879.11 2338.39 1652.36 2545.50 2341.73 2199.42 2467.54 874.04 312.69 341.29 896.51 1021.91 1179.76 1443.33 1739.14 1755.74 861.09 871.83 1107.50 679.10 800.59 855.22 1076.84 554.32 783.99 1000.09 1206.45 407.22 518.28 467.64 454.33 531.84 513.76 527.10 527.06 543.74 767.42 958.84 1021.88 1090.94 1129.85 1229.18 467.54 668.95 671.68 797.40 961.85 651.40 747.33 1075.87 995.61 412.14 443.67 542.11 551.52 659.49 984.27 1182.07 1311.09 1535.77 1432.54 558.15 748.36 957.41 1091.95 1230.92 687.25 979.63 974.13 1099.93 735.15 1101.02 1309.98 1439.97 1571.46 1641.23 1439.08 1408.82 1203.49 1325.59 1326.58 1780.25 1735.98 1574.53 1880.31 2069.43 2301.88 1624.84 1847.04 1911.74 2219.53 1205.39 1320.27 1754.70 1554.68 1632.57 2085.99 1852.48 2111.56 1750.49 1968.24 2083.78 2331.74 2775.53 2412.92 2555.21 2631.96 2891.16 1325.88 1321.07 1466.71 1543.36 1763.61 1991.53 1743.51 2098.36 1902.59 2312.82 2453.10 2797.74 2767.60 1909.18 2242.76 2118.35 2339.62 2524.14 3428.22 
2969.99 1155.38 1075.46 767.28 832.84 618.40 525.18 642.09 178.19 170.14 89.29 204.79 524.88 638.33 432.87 1060.83 27.26 120.17 0.00 184.81 8.68 437.20 649.50 658.40 885.19 27.80 325.83 356.21 458.66 622.72 303.72 294.16 100.38 136.77 101.94 301.80 411.60 534.98 682.75 531.54 448.20 322.11 192.57 237.64 327.46 441.46 331.41 359.27 420.12 558.51 601.61 317.23 156.15 493.70 406.98 156.78 312.45 429.24 384.73 290.32 296.61 297.52 494.60 607.65 479.25 373.16 267.89 864.58 1066.66 1077.52 829.58 762.81 945.74 2537.56 5865.53 7759.04 2458.50 1772.43 2665.52 2461.82 2319.50 2587.58 994.09 432.61 461.38 1016.67 1142.04 1299.86 1563.39 1859.19 1875.85 981.01 991.87 1227.62 798.90 920.69 975.23 1196.77 674.49 904.03 1120.02 1326.54 527.39 638.44 587.80 574.11 651.76 633.81 647.15 647.15 663.83 887.41 1079.01 1141.96 1210.96 1250.00 1349.12 587.37 788.78 791.72 917.55 1081.92 771.16 867.48 1195.77 1115.55 531.88 563.75 662.27 671.62 779.51 1104.27 1302.22 1431.13 1655.79 1552.52 677.84 868.42 1077.47 1212.01 1351.04 807.28 1099.70 1094.28 1220.09 855.15 1221.18 1430.12 1560.05 1691.46 1761.31 1559.09 1528.91 1323.46 1445.74 1446.65 1900.32 1855.99 1694.60 2000.43 2189.47 2421.92 1744.84 1967.08 2031.74 2339.58 1325.52 1440.23 1874.83 1674.70 1752.58 2206.11 1972.57 2231.65 1870.49 2088.29 2203.90 2451.86 2895.58 2533.04 2675.32 2752.04 3011.21 1445.84 1441.12 1586.84 1663.45 1883.75 2111.66 1863.62 2218.50 2022.65 2432.93 2573.14 2917.79 2887.69 2029.28 2362.87 2238.40 2459.75 2644.21 3548.28 
2786.46 971.84 892.82 584.53 649.67 434.83 343.83 458.12 32.72 27.87 274.07 24.99 342.58 454.94 252.09 877.86 177.96 304.07 184.81 0.00 178.59 621.48 832.87 841.77 1068.59 166.79 509.96 539.31 643.12 440.16 129.07 117.52 88.63 51.73 282.43 486.36 595.88 718.37 866.34 715.13 631.71 504.81 376.06 422.44 512.03 625.47 513.73 543.51 604.74 742.80 419.16 133.66 28.91 311.10 224.96 34.74 130.89 247.30 202.48 110.89 112.30 112.75 310.32 423.65 296.78 194.19 95.04 682.68 882.86 894.05 646.89 579.55 763.70 2354.40 5682.13 7575.50 2641.93 1956.06 2849.30 2645.35 2503.07 2771.29 1177.86 616.74 643.85 1199.76 1325.42 1483.38 1747.05 2042.88 2059.31 1165.09 1175.66 1411.06 983.17 1104.30 1159.11 1380.82 857.31 1087.85 1304.06 1510.14 710.52 821.73 770.58 758.40 835.86 817.63 830.97 830.85 847.55 1071.34 1262.04 1325.62 1394.78 1433.25 1533.14 771.61 973.00 975.55 1100.79 1265.63 955.47 1050.76 1379.88 1299.58 716.22 747.51 845.08 855.28 963.40 1288.17 1485.51 1614.91 1839.59 1736.45 862.22 1052.16 1261.18 1395.70 1534.48 991.11 1283.37 1277.59 1403.23 1039.08 1404.34 1613.38 1743.68 1875.33 1944.91 1742.94 1712.50 1507.43 1628.94 1630.34 2083.96 2039.82 1878.25 2183.80 2373.18 2605.66 1928.71 2150.80 2215.59 2523.27 1508.87 1624.19 2058.14 1858.52 1936.41 2389.51 2156.13 2415.17 2054.35 2272.01 2387.28 2635.23 3079.26 2716.39 2858.76 2935.60 3194.87 1629.82 1624.87 1770.16 1847.02 2067.03 2294.97 2047.08 2401.72 2206.32 2616.35 2756.86 3101.45 3071.21 2212.77 2546.32 2422.09 2643.00 2827.83 3731.91 
2964.40 1149.75 1070.05 761.81 827.29 612.72 519.90 636.30 173.16 164.81 95.61 199.05 519.44 632.69 427.62 1055.34 20.02 125.67 8.68 178.59 0.00 443.00 654.96 663.85 890.68 19.13 331.54 361.51 464.58 617.27 298.88 289.13 95.61 131.38 106.02 307.78 417.40 540.42 688.28 537.06 453.67 327.27 197.94 244.07 333.45 447.14 336.46 365.05 426.16 564.33 596.17 311.44 149.81 488.20 401.53 151.37 306.97 423.82 379.23 285.02 290.63 291.33 488.69 601.84 473.77 368.08 263.02 859.30 1060.96 1071.90 824.14 757.22 940.44 2532.06 5859.98 7753.46 2464.03 1778.02 2671.17 2467.38 2325.07 2593.20 999.70 438.34 466.53 1022.07 1147.53 1305.40 1568.99 1864.80 1881.38 986.75 997.49 1233.13 804.72 926.24 980.89 1202.50 679.78 909.66 1125.75 1332.10 532.75 643.86 593.07 579.93 657.49 639.42 652.76 652.72 669.41 893.08 1084.39 1147.54 1216.60 1255.45 1354.84 593.17 794.58 797.35 922.99 1087.52 777.00 872.93 1201.53 1121.27 537.73 569.34 667.56 677.17 785.16 1109.94 1307.68 1436.76 1661.43 1558.21 683.72 874.02 1083.07 1217.61 1356.56 812.92 1105.29 1099.75 1225.51 860.82 1226.60 1435.58 1565.63 1697.13 1766.88 1564.75 1534.48 1329.16 1451.19 1452.25 1905.91 1861.65 1700.19 2005.94 2195.09 2427.55 1750.51 1972.70 2037.41 2345.19 1331.01 1445.93 1880.32 1680.35 1758.23 2211.63 1978.14 2237.21 1876.16 2093.91 2209.41 2457.37 2901.19 2538.55 2680.85 2757.62 3016.82 1451.55 1446.74 1592.32 1669.02 1889.23 2117.15 1869.15 2223.97 2028.25 2438.46 2578.76 2923.40 2893.25 2034.83 2368.40 2244.01 2465.23 2649.80 3553.87 
3407.08 1592.53 1512.27 1204.25 1269.93 1055.59 961.85 1079.27 614.91 607.22 348.08 641.97 961.85 1075.49 869.55 1497.79 444.35 317.40 437.20 621.48 443.00 0.00 214.05 222.88 448.90 455.06 111.55 86.55 22.92 1059.70 739.59 730.57 537.10 573.92 340.13 135.70 25.60 101.14 246.46 96.61 24.86 120.99 245.63 201.95 110.22 9.95 114.40 77.96 22.92 121.33 1038.57 754.40 592.62 930.77 844.02 593.93 749.57 866.24 821.83 727.23 733.62 734.17 931.69 1044.82 916.31 809.55 703.93 1301.12 1503.86 1514.65 1266.51 1199.93 1382.30 2974.47 6302.51 8196.10 2021.64 1335.47 2228.42 2024.89 1882.54 2150.52 557.14 7.12 50.23 580.77 705.51 863.09 1126.42 1422.18 1439.02 543.83 554.90 790.96 361.72 483.98 538.19 759.60 240.78 467.06 682.84 889.67 95.66 203.33 155.94 136.93 214.61 197.13 210.45 210.73 227.30 450.34 643.12 705.08 773.91 813.60 911.95 150.18 351.59 354.79 481.51 645.00 334.00 431.44 758.58 678.38 94.75 127.58 228.76 235.21 342.52 667.17 865.72 994.08 1218.70 1115.38 240.76 431.58 640.56 775.09 914.34 370.36 662.83 657.89 783.88 418.10 784.93 993.63 1123.10 1254.34 1324.37 1121.98 1092.01 886.31 1009.31 1009.67 1463.33 1418.89 1257.63 1563.68 1752.43 1984.85 1307.72 1530.04 1594.62 1902.54 888.94 1003.08 1438.16 1237.61 1315.47 1769.30 1535.65 1794.74 1433.37 1651.24 1767.11 2015.08 2458.53 2096.25 2238.45 2315.08 2574.17 1008.67 1004.09 1150.22 1226.55 1447.11 1674.94 1426.79 1781.88 1585.63 1996.08 2136.07 2480.76 2450.75 1592.42 1926.00 1801.35 2023.08 2207.21 3111.24 
3619.29 1804.64 1724.96 1416.76 1482.24 1267.59 1174.65 1290.99 827.61 819.64 560.81 853.97 1174.37 1287.61 1082.33 1710.29 655.05 529.35 649.50 832.87 654.96 214.05 0.00 8.90 235.73 666.10 324.06 293.57 194.53 1272.21 952.71 943.47 749.74 786.25 550.51 349.33 239.32 114.53 34.25 118.05 201.31 328.14 457.02 415.91 324.07 208.69 319.45 291.06 233.82 96.71 1251.10 966.26 803.96 1143.15 1056.46 806.26 961.91 1078.74 1034.18 939.82 945.17 945.31 1143.16 1256.52 1128.71 1022.49 916.97 1514.04 1715.73 1726.81 1479.07 1412.16 1595.20 3187.02 6514.92 8408.35 1809.10 1123.19 2016.46 1812.49 1670.20 1938.43 345.22 217.85 189.86 367.21 492.58 650.51 914.20 1210.03 1226.46 333.38 343.06 578.20 154.88 271.49 326.71 548.62 29.61 255.42 471.96 677.27 122.44 11.34 64.18 82.64 27.89 22.02 15.73 11.34 18.94 239.32 429.56 492.80 562.11 600.50 700.75 69.62 144.34 143.58 268.05 432.86 128.73 217.98 547.86 467.43 122.49 86.49 20.68 24.39 131.80 455.70 652.73 782.14 1006.82 903.83 51.51 219.60 428.42 562.88 701.63 159.02 450.56 444.79 570.59 207.16 571.68 780.63 910.82 1042.61 1112.04 910.22 879.64 674.96 796.24 797.51 1251.10 1207.04 1045.38 1350.99 1540.32 1772.81 1095.99 1317.96 1382.82 1690.41 676.05 791.66 1225.36 1025.75 1103.65 1556.69 1323.26 1582.31 1221.60 1439.16 1554.46 1802.42 2246.39 1883.60 2025.92 2102.73 2362.00 797.33 792.07 937.37 1014.15 1234.27 1462.19 1214.23 1569.01 1373.45 1783.52 1924.00 2268.58 2238.35 1379.91 1713.48 1589.24 1810.27 1994.96 2899.04 
3628.19 1813.54 1733.85 1425.65 1491.13 1276.48 1183.54 1299.88 836.50 828.53 569.70 862.86 1183.26 1296.50 1091.22 1719.19 663.94 538.25 658.40 841.77 663.85 222.88 8.90 0.00 226.83 674.99 332.94 302.46 203.29 1281.10 961.59 952.36 758.63 795.14 559.40 358.19 248.17 123.43 25.67 126.93 210.20 337.03 465.92 424.76 332.92 217.55 328.33 299.94 242.58 105.14 1259.99 975.15 812.86 1152.05 1065.36 815.15 970.80 1087.63 1043.07 948.71 954.06 954.20 1152.06 1265.41 1137.61 1031.38 925.86 1522.93 1724.62 1735.71 1487.97 1421.06 1604.10 3195.92 6523.81 8417.24 1800.20 1114.30 2007.57 1803.59 1661.31 1929.54 336.33 226.71 198.72 358.33 483.69 641.61 905.31 1201.14 1217.56 324.54 334.18 569.31 146.34 262.61 317.84 539.75 22.81 246.55 463.09 668.38 131.32 20.14 72.84 90.85 28.59 29.00 19.13 15.73 13.44 230.48 420.68 483.90 553.22 591.60 691.87 77.68 135.79 134.76 259.16 423.97 120.39 209.09 539.00 458.57 131.08 95.30 17.01 16.68 123.03 446.82 643.83 773.25 997.93 894.94 47.31 210.73 419.53 553.99 692.73 150.19 441.67 435.89 561.70 198.33 562.78 771.73 901.93 1033.72 1103.14 901.33 870.74 666.08 787.35 788.61 1242.21 1198.15 1036.49 1342.09 1531.43 1763.91 1087.10 1309.07 1373.93 1681.51 667.16 782.77 1216.47 1016.86 1094.76 1547.79 1314.37 1573.41 1212.71 1430.26 1545.57 1793.53 2237.50 1874.70 2017.03 2093.84 2353.11 788.45 783.18 928.47 1005.26 1225.38 1453.30 1205.33 1560.12 1364.56 1774.62 1915.11 2259.68 2229.45 1371.02 1704.58 1580.34 1801.38 1986.06 2890.14 
3855.02 2040.37 1960.65 1652.46 1717.96 1503.31 1410.30 1526.70 1063.26 1055.33 796.42 1089.69 1410.07 1523.34 1317.98 1946.01 890.74 765.06 885.19 1068.59 890.68 448.90 235.73 226.83 0.00 901.81 559.58 529.28 428.46 1507.91 1188.26 1179.09 985.40 1021.95 786.20 584.54 474.37 350.26 202.52 353.65 437.01 563.81 692.74 650.82 559.12 444.02 555.03 526.41 467.72 328.50 1486.80 1201.98 1039.68 1378.87 1292.17 1041.96 1197.62 1314.44 1269.89 1175.50 1180.89 1180.99 1378.87 1492.23 1364.42 1258.10 1152.55 1749.67 1951.45 1962.54 1714.77 1647.89 1830.85 3422.74 6750.64 8644.07 1573.37 887.50 1780.80 1576.77 1434.49 1702.75 110.60 453.05 425.12 132.00 256.86 414.80 678.54 974.36 990.73 102.43 108.61 342.48 96.48 36.96 93.33 314.05 211.92 27.53 237.82 441.60 358.08 246.86 298.40 313.12 235.15 251.78 238.46 238.21 221.61 25.67 194.29 257.26 326.80 364.82 465.70 299.62 104.27 95.30 32.93 197.52 122.46 18.34 313.56 233.26 355.17 321.58 224.11 213.72 107.73 220.95 417.02 546.61 771.25 668.43 212.41 22.82 193.09 327.33 465.90 80.10 215.09 209.09 335.00 38.73 336.06 544.93 675.15 807.09 876.34 674.71 643.94 439.83 560.56 561.88 1015.41 971.46 809.71 1115.26 1304.64 1537.13 860.46 1082.30 1147.23 1454.72 440.33 556.38 989.64 790.18 868.09 1320.96 1087.55 1346.59 986.04 1203.49 1318.74 1566.70 2010.70 1647.87 1790.20 1867.01 2126.30 562.09 556.50 701.65 778.44 998.56 1226.47 978.50 1333.31 1137.77 1547.79 1688.32 2032.87 2002.62 1144.19 1477.75 1353.56 1574.56 1759.25 2663.32 
2953.24 1138.62 1059.45 751.15 816.39 601.60 509.82 624.90 164.42 155.38 109.82 188.39 508.97 621.68 417.68 1044.56 11.98 137.92 27.80 166.79 19.13 455.06 666.10 674.99 901.81 0.00 343.51 372.53 476.87 606.69 290.11 279.91 88.63 122.13 115.66 320.38 429.48 551.60 699.60 548.40 464.97 338.02 209.47 257.76 346.04 458.89 346.96 377.12 438.74 576.34 585.64 300.32 137.88 477.59 391.12 141.86 296.61 413.46 368.72 275.18 279.09 279.27 477.07 590.43 463.21 358.59 254.30 849.04 1049.65 1060.82 813.50 746.28 930.13 2521.16 5848.91 7742.28 2475.15 1789.28 2682.54 2478.57 2336.29 2604.52 1011.12 450.22 477.09 1032.97 1158.64 1316.60 1580.29 1876.12 1892.53 998.44 1008.93 1244.28 816.65 937.54 992.40 1214.15 690.53 921.13 1137.40 1343.37 543.73 654.95 603.80 591.95 669.28 650.93 664.27 664.12 680.82 904.65 1095.26 1158.86 1228.05 1266.46 1366.45 605.10 806.46 808.85 934.01 1098.88 788.98 883.98 1213.23 1132.91 549.81 580.81 678.30 688.54 796.70 1121.46 1318.73 1448.17 1672.85 1569.74 695.81 885.43 1094.43 1228.94 1367.70 824.40 1116.61 1110.81 1236.45 872.39 1237.56 1446.59 1576.91 1708.60 1778.13 1576.20 1545.73 1340.73 1462.16 1463.58 1917.19 1873.08 1711.48 2017.01 2206.41 2438.89 1761.98 1984.04 2048.85 2356.50 1342.09 1457.49 1891.35 1691.77 1769.67 2222.73 1989.35 2248.39 1887.61 2105.24 2220.49 2468.44 2912.49 2549.61 2691.97 2768.82 3028.10 1463.13 1458.12 1603.37 1680.25 1900.25 2128.19 1880.30 2234.94 2039.55 2449.57 2590.09 2934.67 2904.42 2045.99 2379.54 2255.33 2476.22 2661.05 3565.13 
