229
0.00 808.80 322.47 956.95 999.59 1417.78 874.16 634.91 1006.31 306.74 292.12 478.34 1218.29 1782.44 1895.41 673.00 350.68 174.67 38.73 709.98 1245.43 1666.17 1272.13 1252.01 1830.63 2569.37 3036.60 3394.86 6116.81 4469.31 5504.40 6610.72 4453.16 4839.32 4017.59 3717.16 3939.58 6037.61 7911.45 8170.14 8923.41 10723.45 16037.16 13936.93 13056.96 10482.13 11560.42 11342.60 12160.47 10953.65 501.06 663.72 58.97 250.73 441.66 902.86 788.34 245.18 453.23 376.15 349.42 250.24 279.09 217.00 167.89 232.77 702.41 675.65 716.90 1231.51 1058.59 1342.15 1782.63 2813.23 2461.09 2031.99 1924.28 1487.90 1617.29 1603.68 1246.03 1249.13 1116.06 1461.15 1814.15 2024.88 1556.18 1680.64 2038.23 2142.79 2669.00 2925.81 3232.63 3586.04 4010.78 4446.59 4573.36 4447.82 4252.32 3775.33 3943.97 3910.83 3778.23 5000.50 4901.32 4444.59 4718.87 5243.90 5554.20 5784.20 6134.48 4372.55 5116.26 5832.07 4386.41 5030.47 5574.00 4675.80 4925.67 5239.73 5043.58 5005.73 5165.85 5797.48 6264.61 6360.10 6499.30 7005.45 7010.52 7287.38 7675.38 7706.47 8057.26 8262.68 8348.56 8155.78 7950.19 7478.64 7466.60 7602.41 7834.72 7266.36 7467.43 7938.87 8165.03 8262.43 8580.48 8828.77 9126.50 10040.79 9039.98 8578.41 9061.84 9344.53 9583.83 10169.55 10570.77 11052.24 10264.35 10061.82 9928.13 9779.22 9011.10 9686.90 9812.93 6453.52 7823.76 8391.80 7893.43 8149.16 7711.43 8907.81 9576.06 9019.79 9498.26 9810.58 8932.95 9689.47 8811.69 9348.10 9250.87 9817.93 10031.46 10380.62 10274.39 10399.66 10672.39 12026.70 11899.42 11950.94 11831.61 11508.48 11490.39 11386.29 11369.12 11032.42 10729.70 10816.58 10491.07 12388.84 11938.49 13239.64 12681.23 10835.58 9167.47 11708.01 12400.76 12690.87 13128.92 13339.46 12612.49 11172.29 15260.00 15491.74 15724.41 15722.40 16881.91 17404.08 16144.87 14812.81 14067.73 14843.62 14696.81 18836.66 18868.81 19123.71 19731.12 18135.77 15819.15 
808.80 0.00 1131.06 1764.67 1808.15 2226.09 1682.36 1443.44 1814.74 1113.08 1098.61 330.47 409.49 974.12 1086.64 135.82 465.22 637.19 778.35 102.52 437.13 857.42 463.78 443.29 1021.94 1760.61 2228.36 2586.37 5308.40 3660.71 4695.87 5802.23 3644.91 4030.83 3209.09 2908.81 3131.19 5229.38 7103.08 7362.00 8115.02 9915.17 15229.60 13128.72 12248.91 9673.85 10752.29 10534.41 11352.52 10145.36 1305.94 1471.12 867.64 558.28 367.14 97.35 30.75 572.72 358.88 432.68 460.36 558.58 529.89 591.81 652.45 576.13 106.95 133.51 92.62 422.71 250.67 533.86 974.05 2004.81 1652.43 1223.28 1115.52 679.40 808.53 795.04 437.23 440.38 307.29 652.40 1005.39 1216.47 747.41 871.90 1229.81 1334.32 1860.37 2117.20 2424.07 2777.60 3202.36 3638.23 3764.99 3639.37 3443.77 2966.76 3135.64 3102.33 2970.00 4192.03 4093.00 3636.08 3910.67 4435.50 4745.77 4975.88 5326.14 3563.95 4307.75 5023.71 3578.23 4222.03 4765.71 3867.34 4117.50 4431.20 4235.33 4197.54 4357.66 4989.21 5456.25 5551.84 5690.91 6196.97 6202.30 6479.17 6867.21 6898.33 7248.83 7454.39 7540.15 7347.57 7141.91 6670.42 6658.26 6794.00 7026.35 6458.07 6659.28 7130.72 7356.64 7454.29 7772.31 8020.43 8318.30 9232.46 8231.67 7770.15 8253.73 8536.28 8775.48 9361.33 9762.64 10244.11 9456.00 9253.54 9119.97 8971.01 8202.77 8878.71 9004.56 5645.24 7015.32 7583.44 7085.18 7340.92 6903.00 8099.43 8767.70 8211.57 8689.89 9002.27 8124.78 8881.12 8003.56 8539.74 8442.76 9009.83 9223.34 9572.49 9466.03 9591.47 9864.06 11218.41 11091.36 11142.72 11023.54 10700.21 10682.25 10577.96 10561.01 10224.21 9921.61 10008.42 9682.77 11580.71 11130.36 12431.46 11873.13 10027.37 8359.36 10900.01 11592.76 11882.92 12321.00 12531.39 11804.30 10364.19 14452.35 14683.93 14916.49 14914.85 16074.08 16596.52 15336.91 14004.77 13259.70 14035.72 13888.92 18030.50 18064.63 19899.18 18938.45 18944.56 16627.80 
322.47 1131.06 0.00 634.67 677.15 1095.31 551.73 312.45 683.84 36.83 44.06 800.65 1540.51 2104.87 2217.70 995.30 669.96 494.67 353.11 1031.76 1567.84 1988.48 1594.53 1574.14 2152.97 2891.67 3359.05 3717.28 6439.25 4791.70 5826.81 6933.15 4775.61 5161.75 4340.01 4039.60 4262.02 6360.07 8233.90 8492.61 9245.86 11045.91 16359.58 14259.39 13379.43 10804.59 11882.89 11665.06 12482.93 11276.11 184.61 341.88 263.52 572.79 763.96 1225.31 1110.79 562.52 774.27 698.39 671.06 572.63 601.54 539.30 482.59 554.93 1024.52 997.78 1039.00 1553.76 1381.01 1664.56 2105.01 3135.66 2783.45 2354.32 2246.58 1810.29 1939.59 1926.04 1568.27 1571.43 1438.24 1783.29 2136.45 2347.30 1878.47 2002.95 2360.64 2465.20 2991.38 3248.19 3555.03 3908.47 4333.22 4769.04 4895.80 4770.25 4574.73 4097.73 4266.41 4233.24 4100.68 5322.92 5223.77 4767.01 5041.33 5566.34 5876.64 6106.65 6456.93 4694.94 5438.68 6154.51 4708.87 5352.90 5896.46 4998.23 5248.13 5562.15 5366.04 5328.20 5488.31 6119.94 6587.06 6682.56 6821.75 7327.88 7332.98 7609.84 7997.85 8028.93 8379.70 8585.14 8671.00 8478.24 8272.65 7801.10 7789.05 7924.85 8157.17 7588.82 7789.89 8261.34 8487.47 8584.90 8902.95 9151.22 9448.97 10363.24 9362.43 8900.87 9384.31 9666.99 9906.29 10492.01 10893.24 11374.71 10586.80 10384.28 10250.59 10101.68 9333.55 10009.36 10135.38 6775.98 8146.20 8714.25 8215.89 8471.62 8033.87 9230.26 9898.51 9342.26 9820.71 10133.04 9255.41 10011.93 9134.15 9670.55 9573.33 10140.40 10353.93 10703.09 10596.84 10722.13 10994.84 12349.16 12221.89 12273.41 12154.08 11830.94 11812.85 11708.75 11691.58 11354.89 11052.17 11139.04 10813.53 12711.31 12260.96 13562.10 13003.69 11158.04 9489.94 12030.48 12723.22 13013.33 13451.38 13661.93 12934.96 11494.76 15582.44 15814.19 16046.87 16044.81 17204.36 17726.47 16467.33 15135.28 14390.19 15166.08 15019.27 19158.27 19189.20 18803.52 19902.95 17813.59 15496.77 
956.95 1764.67 634.67 0.00 56.09 461.88 84.18 322.96 57.24 651.60 666.06 1434.56 2173.85 2738.77 2851.06 1629.06 1301.27 1127.51 986.36 1664.62 2201.72 2621.96 2228.40 2207.26 2786.52 3524.98 3993.02 4351.01 7073.05 5425.25 6460.45 7566.83 5409.58 5795.45 4973.71 4673.47 4895.85 6994.04 8867.73 9126.66 9879.66 11679.83 16994.05 14893.38 14013.57 11438.52 12516.95 12299.08 13117.14 11910.02 460.01 293.55 897.98 1206.61 1397.87 1859.43 1744.92 1193.42 1406.68 1332.26 1304.31 1206.84 1235.85 1173.41 1113.30 1188.88 1657.90 1631.22 1672.36 2187.19 2014.97 2298.46 2738.71 3769.47 3417.00 2987.80 2879.96 2444.07 2573.04 2559.68 2201.65 2204.97 2071.55 2416.36 2769.87 2981.13 2511.88 2636.42 2994.48 3098.98 3624.94 3881.79 4188.68 4542.26 4967.02 5402.89 5529.65 5404.02 5208.37 4731.34 4900.31 4866.96 4734.66 5956.67 5857.67 5400.71 5675.33 6200.16 6510.41 6740.54 7090.81 5328.50 6072.35 6788.37 5342.89 5986.68 6530.38 5631.98 5882.15 6195.79 6000.00 5962.20 6122.32 6753.88 7220.91 7316.51 7455.56 7961.58 7966.97 8243.83 8631.87 8662.99 9013.46 9219.05 9304.78 9112.24 8906.58 8435.09 8422.92 8558.64 8791.00 8222.74 8423.94 8895.39 9121.28 9218.95 9536.98 9785.08 10082.96 10997.12 9996.33 9534.82 10018.39 10300.95 10540.13 11126.00 11527.30 12008.78 11220.65 11018.20 10884.63 10735.68 9967.43 10643.37 10769.21 7409.91 8779.95 9348.09 8849.85 9105.59 8667.63 9864.07 10532.35 9976.24 10454.53 10766.93 9889.45 10645.77 9768.22 10304.39 10207.42 10774.49 10988.00 11337.16 11230.67 11356.14 11628.72 12983.07 12856.01 12907.39 12788.20 12464.87 12446.91 12342.61 12325.67 11988.88 11686.27 11773.08 11447.44 13345.38 12895.03 14196.13 13637.79 11792.04 10124.02 12664.65 13357.40 13647.55 14085.62 14296.05 13568.97 12128.85 16216.85 16448.52 16681.13 16679.29 17838.70 18360.99 17101.56 15769.43 15024.35 15800.34 15653.53 19790.64 19812.62 18173.18 19321.67 17180.55 14863.32 
999.59 1808.15 677.15 56.09 0.00 418.37 126.90 364.72 10.25 695.80 710.14 1477.78 2217.55 2782.02 2894.78 1672.42 1345.82 1171.32 1029.90 1708.59 2244.98 2665.58 2271.68 2251.12 2830.09 3568.75 4036.20 4394.42 7116.40 5468.84 6503.96 7610.29 5452.75 5838.90 5017.16 4716.75 4939.17 7037.20 8911.04 9169.71 9923.01 11723.04 17036.28 14936.49 14056.48 11481.71 12559.97 12342.17 13159.96 11953.24 506.44 338.79 940.66 1249.88 1441.09 1902.45 1787.93 1238.03 1450.81 1375.50 1347.98 1249.78 1278.68 1216.44 1157.91 1232.05 1701.54 1674.81 1716.01 2230.83 2058.16 2341.71 2782.15 3812.80 3460.58 3031.43 2923.66 2487.43 2616.68 2603.17 2245.33 2248.53 2115.28 2460.27 2813.54 3024.45 2555.55 2680.05 3037.79 3142.35 3668.50 3925.33 4232.17 4585.61 5010.37 5446.18 5572.95 5447.40 5251.87 4774.87 4943.56 4910.39 4777.82 6000.07 5900.91 5444.15 5718.46 6243.48 6553.78 6783.79 7134.07 5372.08 6115.83 6831.66 5385.99 6030.05 6573.59 5675.38 5925.25 6239.29 6043.17 6005.32 6165.43 6797.08 7264.20 7359.69 7498.89 8005.03 8010.11 8286.97 8674.96 8706.04 9056.85 9262.27 9348.15 9155.36 8949.78 8478.23 8466.19 8602.00 8834.31 8265.95 8467.00 8938.45 9164.62 9262.01 9580.06 9828.36 10126.08 11040.38 10039.57 9577.99 10061.40 10344.11 10583.43 11169.13 11570.33 12051.80 11263.94 11061.41 10927.70 10778.79 10010.69 10686.47 10812.52 7453.11 8823.34 9391.39 8893.01 9148.75 8711.02 9907.41 10575.65 10019.38 10497.86 10810.17 9932.52 10689.07 9811.25 10347.69 10250.43 10817.49 11031.02 11380.18 11273.98 11399.24 11671.98 13026.29 12898.95 12950.52 12831.15 12508.06 12489.94 12385.88 12368.67 12032.00 11729.25 11816.14 11490.66 13388.39 12938.04 14239.20 13680.77 11835.15 10167.03 12707.53 13400.26 13690.35 14128.38 14338.98 13612.06 12171.84 16259.25 16491.09 16723.82 16721.54 17881.17 18402.96 17144.28 15812.30 15067.23 15843.04 15696.23 19820.13 19829.83 18128.06 19274.57 17136.61 14819.65 
1417.78 2226.09 1095.31 461.88 418.37 0.00 543.73 782.88 411.48 1113.20 1127.62 1895.82 2635.40 3200.09 3312.63 2090.41 1763.07 1589.04 1447.74 2126.26 2663.04 3083.48 2689.73 2668.88 3248.02 3986.59 4454.32 4812.45 7534.48 5886.79 6921.96 8028.32 5870.89 6256.92 5435.18 5134.84 5357.25 7455.36 9329.14 9587.91 10341.09 12141.19 17454.65 15354.69 14474.74 11899.87 12978.19 12760.37 13578.24 12371.38 921.87 755.27 1358.83 1667.88 1859.13 2320.59 2206.07 1655.22 1868.37 1793.52 1765.80 1667.90 1696.84 1634.53 1575.10 1650.09 2119.40 2092.70 2133.86 2648.71 2476.24 2759.78 3200.14 4230.86 3878.52 3449.34 3341.53 2905.45 3034.57 3021.14 2663.19 2666.45 2533.11 2878.00 3231.42 3442.50 2973.43 3097.95 3455.85 3560.38 4086.45 4343.30 4650.17 5003.67 5428.43 5864.28 5991.04 5865.45 5669.87 5192.85 5361.66 5328.42 5195.96 6418.12 6319.03 5862.18 6136.62 6661.57 6971.85 7201.91 7552.18 5790.04 6533.84 7249.76 5804.15 6448.11 6991.72 6093.42 6343.42 6657.30 6461.31 6423.48 6583.60 7215.21 7682.30 7777.83 7916.98 8423.06 8428.27 8705.13 9093.15 9124.24 9474.92 9680.41 9766.22 9573.53 9367.92 8896.39 8884.31 9020.08 9252.41 8684.09 8885.19 9356.64 9582.71 9680.20 9998.25 10246.48 10544.26 11458.51 10457.70 9996.15 10479.62 10762.27 11001.54 11587.31 11988.54 12470.01 11682.06 11479.56 11345.90 11196.98 10428.82 11104.66 11230.63 7871.25 9241.41 9809.50 9311.17 9566.91 9129.09 10325.50 10993.76 10437.55 10915.95 11228.31 10350.71 11107.18 10229.46 10765.80 10668.64 11235.71 11449.24 11798.39 11692.09 11817.43 12090.11 13444.44 13317.20 13368.70 13249.39 12926.22 12908.16 12804.01 12786.89 12450.19 12147.48 12234.35 11908.80 13806.62 13356.26 14657.41 14099.00 12253.34 10585.24 13125.79 13818.53 14108.63 14546.68 14757.24 14030.26 12590.07 16677.61 16909.43 17142.14 17139.90 18299.54 18821.28 17562.60 16230.58 15485.50 16261.36 16114.55 19763.07 19717.71 17711.30 18860.10 16718.88 14401.74 
874.16 1682.36 551.73 84.18 126.90 543.73 0.00 239.50 132.70 569.55 583.94 1352.10 2091.68 2656.37 2768.91 1546.68 1219.54 1045.33 904.01 1582.57 2119.32 2539.75 2146.01 2125.17 2704.29 3442.87 3910.61 4268.72 6990.75 5343.06 6378.23 7484.59 5327.18 5713.19 4891.44 4591.12 4813.52 6911.65 8785.42 9044.22 9797.37 11597.48 16911.30 14811.00 13931.09 11356.16 12434.52 12216.67 13034.61 11827.67 379.56 212.01 815.20 1124.15 1315.41 1776.90 1662.38 1111.72 1324.71 1249.80 1222.07 1124.22 1153.19 1090.83 1031.59 1106.37 1575.67 1548.96 1590.14 2104.98 1932.52 2216.06 2656.41 3687.14 3334.79 2905.61 2797.80 2361.73 2490.84 2477.40 2119.46 2122.72 1989.38 2334.30 2687.69 2898.78 2429.70 2554.22 2912.12 3016.65 3542.72 3799.56 4106.43 4459.94 4884.70 5320.55 5447.32 5321.72 5126.13 4649.11 4817.94 4784.69 4652.25 5874.39 5775.31 5318.44 5592.92 6117.84 6428.12 6658.19 7008.46 5246.31 5990.11 6706.03 5260.46 5904.38 6448.01 5549.69 5799.72 6113.56 5917.60 5879.78 6039.90 6671.50 7138.58 7234.12 7373.25 7879.33 7884.57 8161.43 8549.45 8580.55 8931.19 9136.70 9222.50 9029.83 8824.21 8352.69 8340.59 8476.35 8708.69 8140.37 8341.50 8812.95 9038.98 9136.51 9454.55 9702.76 10000.56 10914.79 9913.98 9452.44 9935.94 10218.57 10457.82 11043.61 11444.86 11926.34 11138.33 10935.85 10802.21 10653.28 9885.10 10560.96 10686.90 7327.54 8697.68 9265.77 8767.46 9023.20 8585.36 9781.78 10450.04 9893.84 10372.23 10684.59 9807.02 10563.46 9685.77 10222.08 10124.96 10692.03 10905.56 11254.71 11148.37 11273.73 11546.39 12900.73 12773.54 12825.00 12705.73 12382.51 12364.48 12260.29 12243.22 11906.49 11603.81 11690.66 11365.09 13262.94 12812.59 14113.72 13555.34 11709.64 10041.57 12582.15 13274.89 13565.01 14003.07 14213.58 13486.57 12046.40 16134.16 16365.90 16598.57 16596.54 17756.08 18278.19 17019.02 15686.94 14941.86 15717.78 15570.97 19706.45 19729.92 18254.51 19401.46 17262.58 14945.47 
634.91 1443.44 312.45 322.96 364.72 782.88 239.50 0.00 371.40 331.70 345.91 1113.06 1852.85 2417.31 2530.07 1307.70 981.45 806.70 665.23 1343.94 1880.27 2300.86 1906.96 1886.44 2465.37 3204.04 3671.50 4029.71 6751.70 5104.12 6139.24 7245.58 5088.06 5474.18 4652.44 4352.04 4574.46 6672.52 8546.34 8805.05 9558.30 11358.36 16671.91 14571.83 13691.86 11117.03 12195.33 11977.51 12795.36 11588.55 149.95 42.57 575.97 885.16 1076.37 1537.76 1423.23 873.74 1086.25 1010.79 983.30 885.07 913.99 851.73 793.64 867.33 1336.84 1310.11 1351.32 1866.12 1693.44 1977.00 2417.43 3448.09 3095.86 2666.72 2558.95 2122.72 2251.96 2238.45 1880.62 1883.81 1750.58 2095.59 2448.83 2659.74 2190.84 2315.33 2673.08 2777.63 3303.79 3560.61 3867.46 4220.90 4645.66 5081.48 5208.24 5082.69 4887.16 4410.15 4578.86 4545.68 4413.13 5635.36 5536.22 5079.44 5353.78 5878.78 6189.08 6419.10 6769.38 5007.36 5751.11 6466.96 5021.31 5665.34 6208.90 5310.67 5560.57 5874.58 5678.48 5640.64 5800.75 6432.38 6899.50 6995.00 7134.19 7640.31 7645.43 7922.29 8310.29 8341.38 8692.15 8897.58 8983.44 8790.68 8585.09 8113.55 8101.49 8237.29 8469.61 7901.26 8102.33 8573.78 8799.92 8897.34 9215.39 9463.67 9761.41 10675.69 9674.88 9213.31 9696.75 9979.43 10218.73 10804.46 11205.68 11687.15 10899.24 10696.73 10563.04 10414.12 9646.00 10321.81 10447.82 7088.43 8458.64 9026.69 8528.33 8784.07 8346.31 9542.71 10210.96 9654.70 10133.16 10445.48 9567.85 10324.37 9446.59 9983.00 9885.78 10452.84 10666.37 11015.53 10909.28 11034.57 11307.29 12661.61 12534.32 12585.85 12466.52 12143.38 12125.29 12021.19 12004.02 11667.33 11364.61 11451.48 11125.97 13023.75 12573.39 13874.54 13316.13 11470.48 9802.38 12342.91 13035.65 13325.75 13763.80 13974.36 13247.40 11807.20 15894.80 16126.58 16359.28 16357.15 17516.73 18038.75 16779.73 15447.70 14702.62 15478.49 15331.68 19468.62 19496.69 18492.20 19633.74 17501.29 15184.37 
1006.31 1814.74 683.84 57.24 10.25 411.48 132.70 371.40 0.00 702.13 716.50 1484.41 2224.10 2788.68 2901.33 1679.03 1352.14 1177.80 1036.42 1715.06 2251.63 2672.15 2278.32 2257.64 2836.68 3575.30 4042.89 4401.06 7123.07 5475.45 6510.59 7616.94 5459.45 5845.54 5023.79 4723.42 4945.83 7043.91 8917.72 9176.45 9929.68 11729.75 17043.23 14943.24 14063.26 11488.43 12566.73 12348.91 13166.76 11959.94 512.17 344.71 947.36 1256.49 1447.72 1909.14 1794.62 1244.34 1457.24 1382.12 1354.50 1256.46 1285.38 1223.10 1164.21 1238.68 1708.09 1681.37 1722.56 2237.40 2064.81 2348.36 2788.77 3819.46 3467.17 3038.01 2930.22 2494.06 2623.25 2609.77 2251.88 2255.11 2121.82 2466.78 2820.11 3031.10 2562.11 2686.62 3044.44 3148.99 3675.11 3931.94 4238.79 4592.27 5017.03 5452.86 5579.62 5454.05 5258.50 4781.49 4950.24 4917.03 4784.52 6006.72 5907.60 5450.79 5725.17 6250.15 6560.44 6790.48 7140.76 5378.69 6122.46 6838.34 5392.71 6036.71 6580.29 5682.03 5931.97 6245.92 6049.87 6012.03 6172.15 6803.77 7270.88 7366.39 7505.56 8011.67 8016.82 8293.68 8681.69 8712.78 9063.52 9268.97 9354.82 9162.08 8956.48 8484.94 8472.88 8608.67 8840.99 8272.65 8473.73 8945.18 9171.29 9268.74 9586.79 9835.05 10132.81 11047.08 10046.27 9584.70 10068.15 10350.83 10590.11 11175.86 11577.08 12058.55 11270.63 11068.12 10934.44 10785.52 10017.39 10693.20 10819.21 7459.81 8830.01 9398.07 8899.73 9155.46 8717.68 9914.09 10582.34 10026.10 10504.54 10816.87 9939.25 10695.75 9817.99 10354.38 10257.18 10824.24 11037.77 11386.93 11280.67 11405.97 11678.68 13033.00 12905.72 12957.25 12837.92 12514.78 12496.69 12392.58 12375.42 12038.73 11736.01 11822.88 11497.36 13395.15 12944.80 14245.94 13687.53 11841.88 10173.78 12714.31 13407.05 13697.15 14135.20 14345.76 13618.80 12178.60 16266.15 16497.96 16730.66 16728.47 17888.09 18409.99 17151.12 15819.10 15074.02 15849.88 15703.07 19829.47 19839.96 18121.85 19268.94 17130.10 14813.06 
306.74 1113.08 36.83 651.60 695.80 1113.20 569.55 331.70 702.13 0.00 14.63 783.08 1522.26 2087.19 2199.48 977.51 650.02 475.91 334.88 1013.07 1550.16 1970.37 1576.83 1555.70 2134.93 2873.41 3341.44 3699.41 6421.45 4773.67 5808.86 6915.24 4757.99 5143.86 4322.12 4021.88 4244.26 6342.46 8216.14 8475.08 9228.06 11028.23 16342.61 14241.79 13361.99 10786.92 11865.37 11647.49 12465.59 11258.42 194.36 358.05 247.99 555.17 746.40 1207.98 1093.49 542.23 755.17 680.79 652.72 555.66 584.77 522.17 462.11 537.52 1006.31 979.63 1020.76 1535.59 1363.44 1646.90 2087.11 3117.88 2765.41 2336.21 2228.38 1792.48 1921.44 1908.09 1550.05 1553.38 1419.96 1764.81 2118.28 2329.55 1860.29 1984.82 2342.89 2447.39 2973.35 3230.20 3537.09 3890.66 4315.42 4751.30 4878.06 4752.42 4556.77 4079.75 4248.72 4215.36 4083.08 5305.07 5206.08 4749.11 5023.75 5548.56 5858.81 6088.95 6439.21 4676.92 5420.76 6136.77 4691.31 5335.08 5878.79 4980.38 5230.58 5544.20 5348.41 5310.62 5470.74 6102.28 6569.32 6664.92 6803.96 7309.98 7315.38 7592.25 7980.29 8011.41 8361.87 8567.46 8653.18 8460.65 8254.99 7783.50 7771.33 7907.04 8139.41 7571.15 7772.36 8243.81 8469.68 8567.37 8885.39 9133.49 9431.38 10345.52 9344.73 8883.22 9366.81 9649.35 9888.53 10474.40 10875.72 11357.20 10569.05 10366.61 10233.05 10084.09 9315.83 9991.78 10117.61 6758.32 8128.35 8696.50 8198.26 8454.00 8016.04 9212.48 9880.75 9324.64 9802.93 10115.33 9237.87 9994.17 9116.64 9652.80 9555.84 10122.91 10336.42 10685.58 10579.07 10704.55 10977.12 12331.48 12204.44 12255.79 12136.62 11813.27 11795.33 11691.02 11674.09 11337.29 11034.69 11121.50 10795.84 12693.79 12243.44 13544.53 12986.21 11140.45 9472.44 12013.09 12705.84 12995.99 13434.07 13644.47 12917.38 11477.27 15565.38 15796.99 16029.57 16027.85 17187.15 17709.55 16449.99 15117.85 14372.78 15148.79 15001.99 19143.00 19175.53 18823.80 19939.76 17832.08 15514.89 
292.12 1098.61 44.06 666.06 710.14 1127.62 583.94 345.91 716.50 14.63 0.00 768.57 1507.82 2072.72 2185.04 963.02 635.68 461.45 320.36 998.64 1535.67 1955.92 1562.35 1541.27 2120.47 2858.98 3326.97 3684.96 6407.00 4759.23 5794.41 6900.79 4743.52 5129.40 4307.66 4007.41 4229.80 6327.99 8201.68 8460.61 9213.60 11013.77 16328.11 14227.32 13347.52 10772.46 11850.90 11633.02 12451.11 11243.96 208.99 372.51 233.37 540.65 731.89 1193.47 1078.98 527.92 740.77 666.28 638.25 541.11 570.21 507.63 447.80 522.99 991.85 965.16 1006.30 1521.14 1348.95 1632.42 2072.65 3103.42 2750.96 2321.76 2213.94 1778.01 1907.00 1893.63 1535.61 1538.92 1405.52 1750.39 2103.83 2315.08 1845.85 1970.38 2328.42 2432.92 2958.90 3215.75 3522.63 3876.20 4300.96 4736.83 4863.59 4737.96 4542.32 4065.30 4234.25 4200.91 4068.60 5290.62 5191.61 4734.66 5009.28 5534.10 5844.36 6074.48 6424.75 4662.47 5406.31 6122.31 4676.83 5320.62 5864.32 4965.92 5216.10 5529.75 5333.94 5296.15 5456.26 6087.82 6554.85 6650.45 6789.50 7295.53 7300.91 7577.78 7965.82 7996.94 8347.41 8552.99 8638.73 8446.18 8240.52 7769.03 7756.86 7892.59 8124.95 7556.68 7757.88 8229.33 8455.23 8552.90 8870.92 9119.03 9416.91 10331.06 9330.27 8868.76 9352.34 9634.89 9874.07 10459.94 10861.25 11342.72 10554.59 10352.14 10218.58 10069.62 9301.37 9977.32 10103.15 6743.85 8113.90 8682.04 8183.79 8439.53 8001.58 9198.02 9866.29 9310.18 9788.48 10100.87 9223.39 9979.71 9102.17 9638.34 9541.36 10108.44 10321.95 10671.10 10564.62 10690.08 10962.66 12317.02 12189.96 12241.33 12122.14 11798.81 11780.86 11676.56 11659.61 11322.82 11020.22 11107.03 10781.38 12679.32 12228.97 13530.07 12971.74 11125.98 9457.97 11998.61 12691.36 12981.51 13419.59 13630.00 12902.91 11462.79 15550.88 15782.50 16015.09 16013.35 17172.67 17695.05 16435.51 15103.38 14358.30 15134.31 14987.50 19128.44 19160.92 18838.08 19944.03 17846.50 15529.33 
478.34 330.47 800.65 1434.56 1477.78 1895.82 1352.10 1113.06 1484.41 783.08 768.57 0.00 739.96 1304.28 1417.08 194.67 142.51 307.54 448.22 232.74 767.22 1187.84 793.91 773.72 1352.33 2091.04 2558.51 2916.65 5638.66 3991.06 5026.18 6132.53 3975.08 4361.13 3539.38 3239.02 3461.43 5559.55 7433.32 7692.14 8445.28 10245.38 15559.54 13458.91 12579.03 10004.06 11082.43 10864.58 11682.59 10475.57 976.40 1141.05 537.19 227.95 36.69 424.89 310.42 246.20 46.04 102.30 131.16 228.11 199.48 261.36 324.57 245.74 224.30 197.52 238.79 753.17 580.43 863.96 1304.37 2335.05 1982.80 1553.68 1445.95 1009.65 1138.96 1125.39 767.70 770.80 637.74 982.85 1335.82 1546.69 1077.85 1202.32 1560.03 1664.58 2190.73 2447.54 2754.39 3107.86 3532.62 3968.46 4095.22 3969.64 3774.09 3297.09 3465.85 3432.62 3300.15 4522.31 4423.21 3966.38 4240.82 4765.75 5076.03 5306.09 5656.37 3894.30 4638.05 5353.94 3908.36 4552.30 5095.91 4197.62 4447.63 4761.52 4565.51 4527.69 4687.80 5319.40 5786.49 5882.03 6021.16 6527.26 6532.47 6809.33 7197.36 7228.47 7579.11 7784.60 7870.41 7677.74 7472.11 7000.59 6988.49 7124.26 7356.59 6788.28 6989.42 7460.87 7686.89 7784.43 8102.47 8350.66 8648.47 9562.69 8561.88 8100.34 8583.86 8866.47 9105.72 9691.51 10092.78 10574.26 9786.24 9583.75 9450.12 9301.18 8533.00 9208.87 9334.81 5975.44 7345.60 7913.68 7415.37 7671.11 7233.27 8429.68 9097.94 8541.75 9020.14 9332.49 8454.93 9211.36 8333.69 8869.98 8772.89 9339.96 9553.48 9902.63 9796.27 9921.64 10194.29 11548.63 11421.47 11472.91 11353.66 11030.41 11012.40 10908.19 10891.14 10554.39 10251.74 10338.57 10012.99 11910.86 11460.51 12761.63 12203.26 10357.55 8689.49 11230.10 11922.85 12212.99 12651.06 12861.51 12134.48 10694.32 14782.32 15013.96 15246.57 15244.78 16404.14 16926.48 15667.00 14334.89 13589.81 14365.78 14218.97 18360.10 18393.63 19597.07 19266.29 18614.10 16297.42 
1218.29 409.49 1540.51 2173.85 2217.55 2635.40 2091.68 1852.85 2224.10 1522.26 1507.82 739.96 0.00 565.54 677.23 545.30 873.16 1046.36 1187.68 509.31 38.53 448.11 60.19 34.83 612.69 1351.20 1819.44 2177.19 4899.22 3251.41 4286.60 5392.98 3235.88 3621.61 2799.87 2499.72 2722.07 4820.31 6693.90 6952.95 7705.81 9506.01 14820.71 12719.57 11839.85 9264.70 10343.21 10125.30 10943.52 9736.19 1714.75 1880.30 1277.11 967.72 776.63 317.07 430.96 980.96 767.29 842.15 869.61 968.07 939.36 1001.29 1060.95 985.59 516.02 542.74 501.55 13.75 162.03 127.60 565.02 1595.74 1243.15 813.95 706.13 270.94 399.19 386.00 27.82 32.38 102.30 242.98 596.02 807.57 338.03 462.57 820.91 925.30 1451.09 1707.95 2014.84 2368.46 2793.21 3229.11 3355.86 3230.19 3034.51 2557.49 2726.57 2693.12 2561.01 3782.83 3683.90 3226.86 3501.66 4026.34 4336.57 4566.75 4917.00 3154.66 3898.50 4614.56 3169.26 3812.85 4356.62 3458.14 3708.51 4021.94 3826.28 3788.53 3948.64 4580.11 5047.10 5142.74 5281.72 5787.73 5793.22 6070.09 6458.15 6489.30 6839.61 7045.25 7130.93 6938.49 6732.79 6261.33 6249.10 6384.80 6617.17 6048.95 6250.24 6721.68 6947.44 7045.24 7363.24 7611.25 7909.20 8823.29 7822.51 7361.03 7844.69 8127.15 8366.29 8952.21 9353.57 9835.04 9046.81 8844.39 8710.89 8561.91 7793.61 8469.61 8595.36 5236.14 6606.10 7174.26 6676.08 6931.82 6493.79 7690.23 8358.51 7802.46 8280.69 8593.10 7715.72 8471.93 7594.52 8130.55 8033.72 8600.79 8814.28 9163.43 9056.83 9182.37 9454.88 10809.24 10682.31 10733.58 10614.48 10291.05 10273.16 10168.78 10151.94 9815.09 9512.56 9599.33 9273.61 11171.62 10721.27 12022.33 11464.05 9618.26 7950.32 10491.00 11183.74 11473.92 11912.01 12122.32 11395.18 9955.12 14043.45 14274.94 14507.45 14505.97 15665.04 16187.55 14927.83 13595.69 12850.64 13626.70 13479.91 17621.78 17656.42 19673.76 18530.63 19354.05 17037.14 
1782.44 974.12 2104.87 2738.77 2782.02 3200.09 2656.37 2417.31 2788.68 2087.19 2072.72 1304.28 565.54 0.00 118.15 1109.71 1438.61 1611.31 1752.42 1074.68 537.06 119.76 510.37 532.85 53.71 787.73 1254.25 1612.42 4334.39 2686.91 3721.96 4828.28 2670.81 3056.88 2235.15 1934.75 2157.16 4255.29 6129.05 6387.89 7141.00 8941.10 14255.49 12154.64 11274.80 8699.79 9778.19 9560.32 10378.40 9171.30 2280.00 2445.23 1841.36 1532.22 1340.97 879.59 994.11 1546.37 1332.60 1406.57 1434.48 1532.24 1503.35 1565.58 1626.29 1550.01 1080.96 1107.60 1066.53 552.06 723.86 440.32 14.46 1030.79 678.94 251.01 145.63 294.76 167.99 179.80 537.72 534.06 667.74 325.51 44.82 242.46 228.67 106.01 255.80 360.40 886.76 1143.46 1450.22 1803.60 2228.35 2664.18 2790.95 2665.38 2469.90 1992.92 2161.57 2128.39 1995.89 3218.06 3118.93 2662.15 2936.56 3461.48 3771.77 4001.81 4352.09 2590.14 3333.82 4049.66 2604.12 3248.04 3791.64 2893.36 3143.39 3457.30 3261.24 3223.44 3383.55 4015.13 4482.21 4577.75 4716.89 5223.01 5228.21 5505.07 5893.11 5924.22 6274.84 6480.32 6566.14 6373.48 6167.84 5696.33 5684.21 5819.99 6052.32 5484.00 5685.17 6156.62 6382.62 6480.18 6798.21 7046.39 7344.21 8258.41 7257.61 6796.07 7279.62 7562.20 7801.44 8387.24 8788.54 9270.01 8481.96 8279.47 8145.87 7996.92 7228.72 7904.61 8030.53 4671.17 6041.33 6609.40 6111.10 6366.84 5929.01 7125.41 7793.67 7237.48 7715.86 8028.21 7150.68 7907.08 7029.45 7565.71 7468.65 8035.72 8249.23 8598.39 8492.00 8617.38 8890.02 10244.36 10117.24 10168.64 10049.43 9726.14 9708.15 9603.92 9586.90 9250.13 8947.50 9034.32 8708.71 10606.61 10156.26 11457.37 10899.02 9053.28 7385.25 9925.90 10618.64 10908.80 11346.88 11557.28 10830.22 9390.08 13478.24 13709.81 13942.38 13940.74 15099.96 15622.40 14362.79 13030.66 12285.59 13061.60 12914.80 17056.47 17090.93 19111.08 17965.10 19905.03 17601.49 
1895.41 1086.64 2217.70 2851.06 2894.78 3312.63 2768.91 2530.07 2901.33 2199.48 2185.04 1417.08 677.23 118.15 0.00 1222.41 1550.11 1723.59 1864.91 1186.45 650.34 229.28 623.64 643.82 65.64 673.97 1142.78 1500.10 4222.06 2574.20 3609.40 4715.79 2558.90 2944.44 2122.72 1822.73 2045.02 4143.25 6016.74 6275.89 7028.63 8828.85 14143.70 12042.40 11162.76 8587.55 9666.10 9448.18 10266.48 9059.03 2391.83 2557.51 1954.27 1644.91 1453.76 992.99 1107.40 1657.96 1444.42 1519.32 1546.84 1645.17 1616.40 1678.44 1738.00 1662.77 1193.25 1219.96 1178.78 663.94 837.13 553.85 114.49 918.88 566.02 136.88 28.93 407.99 278.13 292.02 649.45 646.28 779.52 434.84 81.29 133.77 339.23 214.79 146.78 249.39 773.93 1030.79 1337.70 1691.41 2116.13 2552.04 2678.78 2553.06 2357.33 1880.30 2049.57 2015.99 1884.13 3105.67 3006.84 2549.70 2824.70 3349.22 3659.42 3889.65 4239.89 2477.45 3221.31 3937.43 2492.35 3135.71 3679.55 2780.99 3031.56 3344.75 3149.26 3111.56 3271.65 3903.04 4369.97 4465.66 4604.57 5110.53 5116.15 5393.01 5781.09 5812.25 6162.43 6368.11 6453.75 6261.40 6055.67 5584.25 5571.96 5707.62 5940.01 5371.84 5573.19 6044.62 6270.27 6368.17 6686.16 6934.09 7232.09 8146.12 7145.36 6683.91 7167.63 7450.03 7689.12 8275.08 8676.48 9157.94 8369.64 8167.24 8033.79 7884.79 7116.45 7792.50 7918.19 4559.04 5928.92 6497.10 5998.97 6254.71 5816.60 7013.06 7681.34 7125.35 7603.51 7915.94 7038.63 7794.76 6917.45 7453.38 7356.65 7923.72 8137.20 8486.34 8379.65 8505.25 8777.72 10132.07 10005.22 10056.43 9937.39 9613.89 9596.05 9491.60 9474.84 9137.95 8835.48 8922.22 8596.46 10494.50 10044.16 11345.18 10786.94 8941.13 7273.26 9813.95 10506.67 10796.87 11234.96 11445.21 10718.04 9278.03 13366.44 13597.87 13830.34 13828.98 14987.92 15510.48 14250.70 12918.57 12173.53 12949.62 12802.83 16944.81 16979.78 19002.35 17854.02 19990.70 17714.37 
673.00 135.82 995.30 1629.06 1672.42 2090.41 1546.68 1307.70 1679.03 977.51 963.02 194.67 545.30 1109.71 1222.41 0.00 331.02 501.69 642.71 45.85 572.66 993.18 599.33 579.11 1157.68 1896.38 2363.96 2722.04 5444.07 3796.42 4831.56 5937.91 3780.52 4166.51 3344.77 3044.44 3266.84 5364.99 7238.74 7497.60 8250.68 10050.81 15365.11 13264.35 12384.50 9809.49 10887.89 10670.03 11488.08 10281.00 1170.56 1335.53 731.85 422.54 231.35 230.77 116.84 438.03 224.56 296.92 324.87 422.77 394.07 456.02 517.49 440.37 31.84 11.34 45.71 558.51 385.94 669.40 1109.74 2140.46 1788.16 1359.02 1251.29 815.04 944.29 930.75 573.04 576.13 443.11 788.21 1141.16 1352.10 883.18 1007.66 1365.44 1469.97 1996.09 2252.91 2559.77 2913.26 3338.02 3773.87 3900.64 3775.04 3579.47 3102.46 3271.27 3238.01 3105.60 4327.71 4228.64 3771.77 4046.27 4571.16 4881.44 5111.51 5461.79 3699.66 4443.44 5159.35 3713.82 4357.70 4901.34 4003.01 4253.09 4566.90 4370.95 4333.14 4493.26 5124.83 5591.90 5687.46 5826.57 6332.65 6337.92 6614.78 7002.82 7033.93 7384.51 7590.02 7675.81 7483.19 7277.55 6806.04 6793.91 6929.67 7162.01 6593.71 6794.88 7266.32 7492.30 7589.89 7907.92 8156.08 8453.91 9368.11 8367.31 7905.78 8389.33 8671.91 8911.13 9496.95 9898.24 10379.72 9591.65 9389.18 9255.58 9106.63 8338.42 9014.32 9140.22 5780.87 7150.99 7719.09 7220.81 7476.55 7038.67 8235.09 8903.36 8347.19 8825.55 9137.91 8260.39 9016.77 8139.16 8675.40 8578.35 9145.43 9358.94 9708.10 9601.68 9727.09 9999.71 11354.06 11226.95 11278.35 11159.13 10835.85 10817.85 10713.61 10696.61 10359.83 10057.21 10144.03 9818.42 11716.32 11265.97 12567.08 12008.73 10162.99 8494.96 11035.59 11728.34 12018.49 12456.56 12666.99 11939.92 10499.78 14587.87 14819.48 15052.07 15050.35 16209.65 16732.04 15472.49 14140.37 13395.29 14171.29 14024.48 18165.87 18199.75 19783.64 19073.20 18808.75 16492.07 
350.68 465.22 669.96 1301.27 1345.82 1763.07 1219.54 981.45 1352.14 650.02 635.68 142.51 873.16 1438.61 1550.11 331.02 0.00 176.04 317.22 363.94 902.00 1321.20 928.59 906.32 1485.78 2223.90 2692.59 3050.21 5772.16 4124.22 5159.44 6265.83 4108.98 4494.52 3672.83 3372.81 3595.12 5693.36 7566.82 7826.00 8578.69 10378.93 15693.81 13592.47 12712.87 10137.64 11216.21 10998.28 11816.59 10609.11 841.75 1007.81 408.41 105.92 108.91 561.53 447.86 107.86 106.47 57.99 33.52 111.38 91.22 139.44 187.97 123.41 358.29 331.93 372.60 886.59 715.86 998.66 1438.18 2468.85 2116.13 1686.93 1579.03 1143.86 1272.26 1259.16 900.98 904.55 770.90 1115.30 1468.99 1680.73 1211.09 1335.63 1694.07 1798.46 2324.05 2580.91 2887.81 3241.51 3666.24 4102.15 4228.90 4103.17 3907.41 3430.39 3599.65 3566.10 3434.14 4655.77 4556.95 4099.79 4374.77 4899.33 5209.52 5439.77 5790.00 4027.48 4771.38 5487.54 4042.38 4685.81 5229.66 4331.10 4581.62 4894.80 4699.35 4661.63 4821.73 5453.15 5920.07 6015.78 6154.67 6660.58 6666.26 6943.12 7331.20 7362.36 7712.48 7918.22 8003.81 7811.51 7605.77 7134.36 7122.06 7257.70 7490.10 6921.95 7123.30 7594.73 7820.34 7918.29 8236.27 8484.18 8782.20 9696.20 8695.45 8234.01 8717.74 9000.13 9239.19 9825.19 10226.59 10708.05 9919.70 9717.33 9583.90 9434.90 8666.54 9342.61 9468.25 6109.16 7478.97 8047.18 7549.08 7804.83 7366.66 8563.12 9231.40 8675.45 9153.57 9466.03 8588.75 9344.82 8467.57 9003.45 8906.76 9473.83 9687.31 10036.45 9929.71 10055.36 10327.78 11682.14 11555.33 11606.52 11487.51 11163.97 11146.16 11041.66 11024.95 10688.05 10385.59 10472.33 10146.54 12044.61 11594.27 12895.27 12337.04 10491.24 8823.37 11364.06 12056.79 12346.98 12785.07 12995.31 12268.13 10828.14 14916.54 15147.98 15380.45 15379.08 16538.01 17060.59 15800.79 14468.66 13723.63 14499.73 14352.94 18494.91 18529.53 19473.48 19403.59 18481.70 16164.40 
174.67 637.19 494.67 1127.51 1171.32 1589.04 1045.33 806.70 1177.80 475.91 461.45 307.54 1046.36 1611.31 1723.59 501.69 176.04 0.00 141.57 537.26 1074.29 1494.46 1100.95 1079.84 1659.02 2397.54 2865.55 3223.50 5945.54 4297.77 5332.96 6439.34 4282.09 4667.95 3846.21 3545.97 3768.35 5866.55 7740.22 7999.18 8752.15 10552.32 15866.78 13765.88 12886.09 10311.01 11389.47 11171.58 11989.70 10782.51 668.90 833.96 232.42 80.93 270.94 732.31 617.90 71.69 279.60 205.47 176.83 84.07 112.90 52.27 29.38 64.70 530.39 503.72 544.85 1059.69 887.62 1171.03 1611.20 2641.97 2289.51 1860.31 1752.49 1316.58 1445.54 1432.18 1074.15 1077.47 944.07 1288.98 1642.38 1853.64 1384.39 1508.92 1866.99 1971.48 2497.44 2754.29 3061.18 3414.75 3839.51 4275.39 4402.15 4276.51 4080.87 3603.84 3772.81 3739.45 3607.18 4829.16 4730.17 4273.20 4547.85 5072.65 5382.90 5613.04 5963.30 4201.02 4944.85 5660.86 4215.42 4859.17 5402.88 4504.47 4754.68 5068.30 4872.51 4834.72 4994.84 5626.38 6093.41 6189.01 6328.05 6834.08 6839.47 7116.34 7504.39 7535.51 7885.96 8091.55 8177.27 7984.75 7779.08 7307.59 7295.41 7431.13 7663.50 7095.24 7296.46 7767.90 7993.77 8091.47 8409.49 8657.58 8955.47 9869.61 8868.82 8407.32 8890.91 9173.44 9412.62 9998.50 10399.82 10881.29 10093.14 9890.70 9757.14 9608.18 8839.92 9515.88 9641.70 6282.41 7652.45 8220.59 7722.35 7978.09 7540.13 8736.57 9404.84 8848.74 9327.02 9639.42 8761.96 9518.26 8640.74 9176.89 9079.94 9647.01 9860.52 10209.67 10103.16 10228.64 10501.21 11855.57 11728.54 11779.88 11660.72 11337.36 11319.42 11215.11 11198.19 10861.38 10558.79 10645.59 10319.93 12217.89 11767.54 13068.62 12510.31 10664.54 8996.54 11537.20 12229.95 12520.11 12958.19 13168.57 12441.47 11001.37 15089.53 15321.11 15553.68 15552.02 16711.27 17233.70 15974.09 14641.95 13896.88 14672.90 14526.10 18667.55 18701.17 19297.85 19573.20 18307.90 15990.78 
38.73 778.35 353.11 986.36 1029.90 1447.74 904.01 665.23 1036.42 334.88 320.36 448.22 1187.68 1752.42 1864.91 642.71 317.22 141.57 0.00 678.72 1215.36 1635.74 1242.04 1221.23 1800.28 2538.88 3006.67 3364.72 6086.76 4439.05 5474.22 6580.58 4423.23 4809.18 3987.44 3687.14 3909.54 6007.70 7881.43 8140.31 8893.37 10693.51 16007.76 13907.05 13027.21 10452.19 11530.60 11312.74 12130.78 10923.70 528.50 692.84 91.69 220.30 411.53 873.11 758.62 210.45 421.16 345.92 318.08 220.97 250.16 187.45 131.66 202.67 671.67 644.95 686.14 1200.98 1028.61 1312.11 1752.41 2783.15 2430.78 2001.60 1893.80 1457.74 1586.83 1573.40 1215.46 1218.71 1085.39 1430.37 1783.69 1994.80 1525.69 1650.21 2008.14 2112.66 2638.71 2895.55 3202.42 3555.95 3980.71 4416.57 4543.33 4417.73 4222.12 3745.10 3913.97 3880.68 3748.31 4970.39 4871.34 4414.44 4688.98 5213.85 5524.12 5754.22 6104.49 4342.30 5086.10 5802.05 4356.53 5000.39 5544.05 4645.69 4895.80 5209.55 5013.65 4975.85 5135.96 5767.54 6234.60 6330.17 6469.26 6975.32 6980.62 7257.49 7645.52 7676.64 8027.19 8232.73 8318.50 8125.89 7920.25 7448.74 7436.61 7572.35 7804.70 7236.41 7437.58 7909.03 8134.99 8232.60 8550.63 8798.78 9096.62 10010.81 9010.01 8548.48 9032.03 9314.61 9553.83 10139.66 10540.95 11022.42 10234.35 10031.88 9898.28 9749.34 8981.12 9657.03 9782.91 6423.58 7793.68 8361.79 7863.51 8119.25 7681.36 8877.78 9546.05 8989.90 9468.24 9780.61 8903.10 9659.47 8781.87 9318.09 9221.06 9788.13 10001.65 10350.80 10244.38 10369.79 10642.41 11996.76 11869.65 11921.05 11801.84 11478.55 11460.56 11356.31 11339.31 11002.54 10699.91 10786.74 10461.12 12359.03 11908.67 13209.78 12651.44 10805.70 9137.66 11678.29 12371.04 12661.19 13099.26 13309.69 12582.63 11142.49 15230.53 15462.17 15694.77 15692.99 16852.34 17374.70 16115.20 14783.07 14037.99 14813.98 14667.17 18808.19 18841.24 19156.38 19709.80 18166.50 15849.47 
709.98 102.52 1031.76 1664.62 1708.59 2126.26 1582.57 1343.94 1715.06 1013.07 998.64 232.74 509.31 1074.68 1186.45 45.85 363.94 537.26 678.72 0.00 538.10 957.42 564.67 542.64 1122.00 1860.35 2328.74 2686.49 5408.50 3760.64 4795.85 5902.24 3745.19 4130.88 3309.15 3009.04 3231.38 5329.62 7203.18 7462.26 8215.08 10015.29 15330.02 13228.85 12349.16 9773.99 10852.51 10634.60 11452.84 10245.47 1205.44 1371.08 768.65 459.25 269.08 199.86 92.13 471.69 257.98 334.14 360.71 460.16 431.86 493.10 551.64 477.24 16.94 37.81 16.42 522.71 352.29 634.74 1074.32 2105.05 1752.43 1323.22 1215.36 779.92 908.48 895.29 537.13 540.63 407.03 751.74 1105.28 1316.85 847.32 971.86 1330.19 1434.61 1960.36 2217.22 2524.12 2877.77 3302.52 3738.41 3865.17 3739.48 3543.78 3066.75 3235.88 3202.41 3070.33 4292.11 4193.21 3736.14 4010.98 4535.63 4845.86 5076.05 5426.30 3663.89 4407.76 5123.85 3678.57 4322.13 4865.92 3967.42 4217.82 4531.20 4335.59 4297.84 4457.95 5089.42 5556.39 5652.05 5791.01 6296.98 6302.53 6579.39 6967.46 6998.61 7348.88 7554.54 7640.20 7447.79 7242.08 6770.64 6758.39 6894.07 7126.45 6558.25 6759.55 7230.99 7456.71 7554.55 7872.55 8120.54 8418.50 9332.57 8331.80 7870.33 8354.00 8636.45 8875.56 9461.51 9862.88 10344.35 9556.08 9353.67 9220.19 9071.21 8302.89 8978.91 9104.64 5745.44 7115.36 7683.54 7185.38 7441.12 7003.05 8199.50 8867.78 8311.76 8789.95 9102.38 8225.02 8981.20 8103.83 8639.83 8543.03 9110.10 9323.59 9672.74 9566.10 9691.67 9964.16 11318.52 11191.61 11242.87 11123.79 10800.33 10782.46 10678.05 10661.24 10324.38 10021.87 10108.63 9782.90 11680.92 11230.58 12531.62 11973.35 10127.56 8459.63 11000.31 11693.05 11983.23 12421.32 12631.62 11904.47 10464.43 14552.76 14784.25 15016.76 15015.28 16174.34 16696.87 15437.13 14104.99 13359.94 14136.01 13989.22 18131.09 18165.59 19827.55 19039.68 18845.15 16527.94 
1245.43 437.13 1567.84 2201.72 2244.98 2663.04 2119.32 1880.27 2251.63 1550.16 1535.67 767.22 38.53 537.06 650.34 572.66 902.00 1074.29 1215.36 538.10 0.00 421.09 26.71 37.11 585.34 1324.11 1791.31 2149.44 4871.44 3223.88 4258.98 5365.31 3207.87 3593.91 2772.17 2471.80 2694.21 4792.34 6666.10 6924.94 7678.05 9478.16 14792.49 12691.70 11811.85 9236.84 10315.24 10097.38 10915.43 9708.35 1743.06 1908.19 1304.33 995.17 803.92 342.69 457.16 1009.66 795.83 869.52 897.46 995.21 966.35 1028.54 1089.49 1012.96 544.02 570.63 529.61 27.46 186.85 96.74 537.23 1567.83 1215.69 786.71 679.16 242.49 372.34 358.38 25.57 18.10 132.80 218.94 569.05 779.47 311.47 435.58 792.81 897.37 1423.59 1680.38 1987.20 2340.64 2765.39 3201.23 3328.00 3202.42 3006.90 2529.90 2698.62 2665.41 2532.95 3755.09 3655.99 3199.17 3473.62 3998.53 4308.81 4538.87 4889.15 3127.12 3870.84 4586.72 3141.17 3785.08 4328.69 3430.40 3680.44 3994.31 3798.29 3760.49 3920.60 4552.18 5019.26 5114.81 5253.94 5760.05 5765.26 6042.13 6430.16 6461.27 6811.88 7017.38 7103.19 6910.53 6704.90 6233.38 6221.27 6357.04 6589.37 6021.06 6222.22 6693.67 6919.67 7017.23 7335.26 7583.44 7881.26 8795.47 7794.66 7333.13 7816.67 8099.26 8338.50 8924.30 9325.59 9807.06 9019.02 8816.53 8682.92 8533.98 7765.78 8441.67 8567.59 5208.22 6578.37 7146.46 6648.15 6903.89 6466.05 7662.46 8330.72 7774.54 8252.91 8565.27 7687.74 8444.14 7566.50 8102.76 8005.70 8572.77 8786.29 9135.44 9029.05 9154.43 9427.07 10781.41 10654.29 10705.70 10586.48 10263.20 10245.20 10140.97 10123.95 9787.18 9484.55 9571.37 9245.77 11143.67 10693.31 11994.42 11436.07 9590.34 7922.30 10462.94 11155.68 11445.84 11883.91 12094.33 11367.27 9927.13 14015.24 14246.83 14479.42 14477.73 15637.00 16159.41 14899.84 13567.71 12822.63 13598.63 13451.83 17593.38 17627.60 19640.40 18501.60 19380.15 17064.57 
