96
0.00 898.98 753.00 1702.44 1774.70 1868.97 2084.50 1985.88 2544.08 2928.77 3181.13 3300.39 3715.99 3754.93 4049.53 4820.51 5876.72 6170.22 6186.56 6055.85 6209.26 6721.52 6185.60 5942.34 5395.02 6876.23 6873.12 7383.11 862.36 672.91 770.03 885.08 2257.19 1702.43 1571.55 1098.90 1130.05 1428.30 2145.27 2441.80 2577.54 2718.06 2855.55 2446.50 2822.17 3515.35 4048.43 4263.47 2952.31 3400.39 3308.20 3533.65 3849.40 4632.41 3622.81 4278.91 4279.99 4611.52 5065.80 5385.08 5841.02 5931.94 6177.97 6649.43 7618.07 6973.15 6940.83 6947.15 4052.89 4311.99 5625.17 5719.62 5724.26 5745.56 6042.06 6483.50 6430.12 6188.78 1989.18 1225.04 4182.94 4488.86 4270.89 5432.77 5716.31 5705.46 5490.90 5989.77 5655.61 5416.03 4617.70 7417.71 7852.17 8059.33 8963.36 8737.37 
898.98 0.00 148.87 805.83 878.09 970.74 1186.45 1089.59 1647.29 2032.02 2284.58 2402.98 2819.14 2857.99 3152.77 3922.95 4979.31 5272.86 5289.75 5158.33 5311.78 5824.44 5288.49 5044.91 4497.94 5978.95 5975.62 6486.03 36.69 227.77 130.19 51.51 1360.62 805.88 674.10 203.17 233.92 530.57 1247.69 1544.97 1680.41 1820.26 1958.30 1549.04 1924.97 2617.54 3151.61 3365.87 2055.01 2503.09 2410.75 2636.76 2952.62 3735.07 2725.44 3381.45 3382.57 3713.91 4168.97 4487.88 4943.74 5035.13 5280.65 5752.11 6720.62 6075.69 6043.44 6050.21 3156.01 3415.02 4728.11 4822.69 4827.00 4848.10 5145.14 5586.54 5533.18 5291.98 1093.39 327.07 3286.27 3591.71 3373.81 4535.79 4819.32 4808.07 4593.46 5092.93 4758.03 4519.24 3720.92 6520.47 6955.32 7162.06 8066.07 7840.36 
753.00 148.87 0.00 949.58 1021.86 1115.99 1331.50 1233.17 1791.31 2176.05 2428.50 2547.50 2963.28 3002.19 3296.87 4067.62 5123.89 5417.40 5433.94 5302.98 5456.41 5968.81 5432.86 5189.50 4642.28 6123.45 6120.27 6630.40 113.58 80.09 20.05 133.11 1504.45 949.58 818.55 345.90 377.05 675.31 1392.30 1689.01 1824.68 1965.08 2102.68 1693.57 2069.31 2762.38 3295.75 3510.56 2199.43 2647.54 2555.30 2780.92 3096.72 3879.58 2869.95 3526.03 3527.13 3858.62 4313.14 4632.30 5088.23 5179.31 5425.17 5896.64 6865.24 6220.31 6188.01 6194.49 3300.19 3559.26 4872.44 4966.94 4971.47 4992.71 5289.39 5730.83 5677.45 5436.16 1236.62 472.15 3430.32 3736.08 3518.13 4680.07 4963.61 4952.63 4738.05 5237.13 4902.73 4663.39 3865.05 6664.95 7099.56 7306.56 8210.60 7984.70 
1702.44 805.83 949.58 0.00 72.28 170.45 383.16 283.76 841.74 1226.49 1478.98 1597.95 2013.71 2052.62 2347.32 3118.07 4174.31 4467.82 4484.38 4353.42 4506.84 5019.23 4483.28 4239.92 3692.70 5173.87 5170.70 5680.82 842.49 1029.64 932.98 817.39 554.92 1.11 132.26 603.83 572.71 275.55 443.05 739.44 875.10 1015.75 1153.11 744.10 1119.74 1812.96 2346.19 2561.03 1249.87 1697.96 1605.76 1831.35 2147.16 2930.00 1920.38 2576.47 2577.56 2909.08 3363.58 3682.72 4138.65 4229.75 4475.59 4947.05 5915.67 5270.74 5238.43 5244.92 2350.62 2609.69 3922.86 4017.37 4021.88 4043.14 4339.82 4781.25 4727.88 4486.60 287.65 478.82 2480.78 2786.49 2568.55 3730.50 4014.04 4003.05 3788.48 4287.57 3953.18 3713.84 2915.49 5715.37 6150.00 6356.98 7261.02 7035.13 
1774.70 878.09 1021.86 72.28 0.00 102.06 311.42 211.50 769.46 1154.20 1406.69 1525.69 1941.43 1980.34 2275.03 3045.81 4102.04 4395.55 4412.10 4281.15 4434.57 4946.95 4411.01 4167.66 3620.42 5101.59 5098.43 5608.54 914.75 1101.92 1005.26 889.63 482.64 72.28 204.26 676.11 645.00 347.71 370.94 667.16 802.84 943.55 1080.85 671.87 1047.47 1740.73 2273.90 2488.77 1177.61 1625.70 1533.50 1759.07 2074.88 2857.73 1848.12 2504.21 2505.30 2836.82 3291.30 3610.45 4066.37 4157.47 4403.31 4874.78 5843.40 5198.47 5166.16 5172.64 2278.34 2537.41 3850.59 3945.09 3949.61 3970.87 4267.54 4708.97 4655.60 4414.32 215.53 551.05 2408.49 2714.22 2496.27 3658.22 3941.76 3930.78 3716.21 4215.29 3880.91 3641.56 2843.21 5643.09 6077.72 6284.71 7188.74 6962.85 
1868.97 970.74 1115.99 170.45 102.06 0.00 215.74 128.49 677.59 1061.97 1314.56 1432.36 1848.74 1887.54 2182.38 2952.23 4008.59 4302.15 4319.18 4187.60 4341.05 4853.78 4317.83 4074.19 3527.30 5008.25 5004.88 5515.36 1007.44 1196.08 1098.98 984.46 392.24 170.71 297.81 770.14 738.99 440.69 277.52 575.40 710.26 849.56 987.86 578.64 954.59 1646.80 2181.18 2395.14 1084.50 1532.51 1440.11 1666.37 1982.24 2764.39 1754.81 2410.75 2411.88 2743.18 3198.44 3517.22 3973.05 4064.56 4309.95 4781.40 5749.89 5104.96 5072.72 5079.58 2185.55 2444.49 3757.48 3852.10 3856.31 3877.37 4174.54 4615.92 4562.57 4321.40 135.76 643.98 2315.90 2621.09 2403.24 3565.19 3848.71 3837.36 3622.74 4122.35 3787.30 3548.71 2750.44 5549.76 5984.70 6191.34 7095.35 6869.68 
2084.50 1186.45 1331.50 383.16 311.42 215.74 0.00 108.91 462.28 846.36 1098.94 1216.62 1633.02 1671.80 1966.65 2736.51 3792.86 4086.42 4103.44 3971.88 4125.33 4638.04 4102.09 3858.47 3311.56 4792.52 4789.17 5299.62 1223.14 1411.59 1314.57 1199.75 179.35 383.26 513.00 985.61 954.45 656.21 63.11 360.27 494.68 633.82 772.15 362.99 738.90 1431.09 1965.45 2179.42 868.77 1316.77 1224.37 1450.65 1766.52 2548.65 1539.06 2195.02 2196.14 2527.46 2982.70 3301.48 3757.32 3848.82 4094.22 4565.67 5534.17 4889.24 4856.99 4863.83 1969.82 2228.74 3541.74 3636.35 3640.58 3661.65 3958.80 4400.17 4346.82 4105.66 110.80 859.61 2100.18 2405.35 2187.49 3349.45 3632.97 3621.63 3407.02 3906.61 3571.58 3332.97 2534.70 5334.03 5768.96 5975.62 6879.63 6653.94 
1985.88 1089.59 1233.17 283.76 211.50 128.49 108.91 0.00 558.21 942.90 1195.33 1314.62 1730.13 1769.06 2063.71 2834.69 3890.85 4184.34 4200.77 4069.99 4223.40 4735.67 4199.74 3956.47 3409.16 4890.36 4887.25 5397.26 1126.25 1313.20 1216.65 1100.79 271.32 283.72 415.68 887.52 856.41 559.18 162.24 455.95 591.78 733.00 869.78 461.24 836.38 1529.84 2062.59 2277.70 966.54 1414.56 1322.45 1547.79 1863.56 2646.54 1636.99 2293.08 2294.15 2625.73 3079.98 3399.21 3855.15 3946.15 4192.09 4663.56 5632.19 4987.28 4954.95 4961.33 2067.04 2326.13 3639.31 3733.79 3738.38 3759.70 4056.24 4497.67 4444.30 4203.00 10.55 762.56 2197.15 2502.98 2285.02 3446.93 3730.46 3719.59 3505.04 4003.97 3669.78 3430.23 2631.89 5431.85 5866.39 6073.46 6977.50 6751.55 
2544.08 1647.29 1791.31 841.74 769.46 677.59 462.28 558.21 0.00 384.75 637.29 756.47 1171.97 1210.88 1505.57 2276.49 3332.65 3626.14 3642.64 3511.78 3665.19 4177.49 3641.55 3398.26 2850.97 4332.16 4329.04 4839.09 1683.98 1871.36 1774.71 1659.00 286.89 841.74 973.19 1445.57 1414.44 1116.73 400.07 102.32 35.16 177.77 311.73 100.60 278.30 971.90 1504.44 1719.52 408.47 856.37 764.33 989.61 1305.42 2088.34 1078.80 1734.88 1735.95 2067.55 2521.84 2841.01 3296.95 3388.01 3633.89 4105.36 5073.99 4429.07 4396.75 4403.18 1508.88 1767.95 3081.13 3175.63 3180.18 3201.49 3498.08 3939.51 3886.14 3644.86 555.06 1320.23 1639.04 1944.78 1726.82 2888.76 3172.30 3161.38 2946.83 3445.83 3111.57 2872.10 2073.75 4873.65 5308.26 5515.27 6419.30 6193.39 
2928.77 2032.02 2176.05 1226.49 1154.20 1061.97 846.36 942.90 384.75 0.00 252.60 372.42 787.23 826.16 1120.83 1891.92 2947.99 3241.46 3257.89 3127.15 3280.54 3792.77 3256.83 3013.60 2466.25 3947.46 3944.38 4454.36 2068.70 2256.09 2159.46 2043.69 671.60 1226.48 1357.93 1830.31 1799.19 1501.45 784.53 487.07 351.71 215.67 76.07 483.38 108.22 588.32 1119.70 1335.06 32.25 471.98 380.35 604.88 920.68 1703.70 694.36 1350.32 1351.38 1683.04 2137.10 2456.31 2912.26 3003.27 3249.21 3720.67 4689.31 4044.41 4012.07 4018.44 1124.14 1383.23 2696.41 2790.89 2795.49 2816.85 3113.35 3554.78 3501.40 3260.12 939.62 1704.96 1254.30 1560.09 1342.12 2504.03 2787.57 2776.72 2562.19 3061.09 2726.97 2487.35 1689.01 4488.95 4923.51 5130.56 6034.60 5808.66 
3181.13 2284.58 2428.50 1478.98 1406.69 1314.56 1098.94 1195.33 637.29 252.60 0.00 124.84 534.90 573.90 868.40 1639.89 2695.75 2989.18 3005.45 2874.94 3028.32 3540.39 3004.47 2761.37 2213.91 3695.13 3692.14 4201.97 2321.26 2508.53 2411.95 2296.08 924.06 1478.96 1610.48 2082.80 2051.69 1754.01 1037.13 739.61 604.31 466.74 327.17 735.95 360.22 339.34 867.30 1083.28 231.31 221.41 132.93 352.69 668.27 1451.55 442.96 1098.37 1099.39 1431.11 1884.67 2204.01 2659.97 2750.83 2996.92 3468.36 4437.02 3792.14 3759.77 3766.02 871.78 1130.89 2444.04 2538.48 2543.19 2564.64 2860.93 3302.37 3248.99 3007.67 1191.95 1957.52 1001.82 1307.84 1089.86 2251.64 2535.17 2524.48 2309.99 2808.65 2474.83 2234.91 1436.57 4236.60 4671.07 4878.21 5782.24 5556.24 
3300.39 2402.98 2547.50 1597.95 1525.69 1432.36 1216.62 1314.62 756.47 372.42 124.84 0.00 416.86 455.44 750.28 1520.12 2576.40 2869.93 2886.82 2755.48 2908.91 3421.46 2885.51 2642.01 2094.96 3576.00 3572.77 4083.05 2439.67 2627.57 2530.78 2415.32 1043.33 1597.96 1729.07 2201.66 2170.52 1872.52 1155.31 858.67 722.86 582.87 444.84 853.97 478.24 216.00 749.02 963.09 348.08 100.23 8.10 234.90 550.30 1332.11 322.46 978.53 979.63 1311.14 1766.09 2084.90 2540.78 2632.20 2877.71 3349.18 4317.75 3672.82 3640.53 3647.24 753.33 1012.15 2325.14 2419.74 2424.03 2445.21 2742.19 3183.57 3130.22 2889.05 1311.53 2076.01 883.82 1188.73 970.88 2132.83 2416.36 2405.15 2190.56 2689.99 2355.23 2116.36 1318.14 4117.52 4552.35 4759.12 5663.15 5437.38 
3715.99 2819.14 2963.28 2013.71 1941.43 1848.74 1633.02 1730.13 1171.97 787.23 534.90 416.86 0.00 39.17 333.64 1105.09 2160.85 2454.29 2470.67 2340.05 2493.42 3005.54 2469.61 2226.47 1679.03 3160.25 3157.24 3667.13 2855.83 3043.33 2946.68 2830.92 1458.83 2013.71 2145.09 2617.53 2586.41 2288.59 1571.49 1274.28 1138.73 999.51 860.89 1270.15 894.19 208.22 332.48 548.97 764.25 316.65 409.26 182.38 133.50 916.68 97.45 563.76 564.73 896.44 1349.87 1669.12 2125.07 2216.04 2462.02 2933.47 3902.13 3257.24 3224.88 3231.21 336.91 596.00 1909.18 2003.66 2008.30 2029.74 2326.11 2767.55 2714.17 2472.89 1726.81 2492.11 467.16 772.94 554.96 1716.80 2000.33 1989.58 1775.10 2273.86 1939.95 1700.13 901.79 3701.73 4136.29 4343.34 5247.38 5021.43 
3754.93 2857.99 3002.19 2052.62 1980.34 1887.54 1671.80 1769.06 1210.88 826.16 573.90 455.44 39.17 0.00 294.87 1066.03 2121.87 2415.32 2431.78 2301.05 2454.43 2966.62 2430.68 2187.48 1640.10 3121.30 3118.26 3628.21 2894.68 3082.24 2985.58 2869.85 1497.75 2052.61 2183.95 2656.43 2625.30 2327.45 1610.32 1313.18 1177.59 1038.21 899.70 1308.97 933.02 245.11 293.65 509.82 803.03 355.21 447.79 221.27 94.93 877.65 134.36 524.65 525.63 857.35 1310.99 1630.16 2086.11 2177.16 2423.06 2894.52 3863.17 3218.27 3185.92 3192.30 298.03 557.07 1870.25 1964.76 1969.34 1990.75 2287.21 2728.64 2675.27 2434.01 1765.77 2530.97 428.41 733.95 515.97 1677.88 1961.42 1950.60 1736.09 2234.97 1900.93 1661.26 862.93 3662.79 4097.39 4304.40 5208.44 4982.51 
4049.53 3152.77 3296.87 2347.32 2275.03 2182.38 1966.65 2063.71 1505.57 1120.83 868.40 750.28 333.64 294.87 0.00 772.34 1827.49 2120.86 2137.07 2006.73 2160.06 2671.99 2136.08 1893.11 1345.53 2826.76 2823.84 3333.58 3189.46 3376.91 3280.29 3164.47 1792.42 2347.31 2478.71 2951.14 2920.02 2622.23 1905.12 1607.89 1472.36 1333.07 1194.52 1603.79 1227.82 538.20 3.52 219.79 1097.88 650.06 742.62 516.02 200.15 583.73 428.37 232.92 233.62 564.27 1016.28 1335.68 1791.64 1882.44 2128.58 2600.01 3568.68 2923.82 2891.43 2897.63 7.46 262.65 1575.66 1670.09 1674.86 1696.43 1992.54 2433.97 2380.59 2139.29 2060.35 2825.74 133.54 439.77 221.98 1383.25 1666.78 1656.23 1441.82 1940.26 1606.75 1366.53 568.18 3368.22 3802.69 4009.83 4913.85 4687.85 
4820.51 3922.95 4067.62 3118.07 3045.81 2952.23 2736.51 2834.69 2276.49 1891.92 1639.89 1520.12 1105.09 1066.03 772.34 0.00 1056.36 1349.94 1367.74 1235.38 1388.83 1901.71 1365.84 1121.96 575.91 2056.04 2052.67 2563.22 3959.65 4147.69 4050.88 3935.43 2563.38 3118.08 3249.15 3721.77 3690.63 3392.57 2675.38 2378.74 2242.97 2102.69 1964.96 2374.06 1998.34 1305.45 773.23 557.09 1868.20 1420.13 1512.32 1287.20 972.01 188.66 1197.70 541.61 540.54 209.07 251.23 565.45 1020.92 1113.32 1357.75 1829.19 2797.67 2152.74 2120.49 2127.62 768.59 509.82 805.88 900.77 904.23 925.14 1222.95 1664.05 1610.76 1369.96 2831.51 3596.05 639.75 332.72 550.38 614.13 897.22 885.15 670.53 1170.97 835.11 598.69 209.29 2597.55 3032.70 3239.12 4143.12 3917.51 
5876.72 4979.31 5123.89 4174.31 4102.04 4008.59 3792.86 3890.85 3332.65 2947.99 2695.75 2576.40 2160.85 2121.87 1827.49 1056.36 0.00 293.59 314.42 179.30 332.56 845.53 310.27 65.61 482.34 999.68 996.40 1506.91 5016.00 5203.95 5107.18 4991.64 3619.54 4174.32 4305.46 4778.06 4746.92 4448.90 3731.70 3434.92 3299.21 3159.05 3021.20 3430.37 3054.57 2361.82 1828.53 1613.45 2924.46 2476.35 2568.61 2343.13 2027.54 1244.32 2253.94 1597.87 1596.77 1265.43 811.94 491.89 37.63 74.80 301.44 772.82 1741.35 1096.43 1064.14 1071.54 1824.01 1564.90 253.22 162.09 153.02 131.25 170.98 608.36 555.27 316.61 3887.61 4652.38 1694.27 1387.92 1605.90 445.18 164.27 171.27 385.85 123.08 221.68 463.17 1259.61 1541.19 1976.47 2182.75 3086.77 2861.16 
6170.22 5272.86 5417.40 4467.82 4395.55 4302.15 4086.42 4184.34 3626.14 3241.46 2989.18 2869.93 2454.29 2415.32 2120.86 1349.94 293.59 0.00 49.59 115.44 40.79 552.01 27.15 228.02 775.41 706.10 702.98 1213.33 5309.56 5497.47 5400.71 5285.13 3913.03 4467.83 4599.00 5071.58 5040.45 4742.44 4025.24 3728.42 3592.72 3452.61 3314.73 3723.90 3348.09 2655.39 2121.92 1907.02 3217.98 2769.87 2862.15 2636.59 2320.94 1537.83 2547.47 1891.42 1890.31 1559.01 1104.95 785.18 329.23 242.28 8.47 479.25 1447.85 802.96 770.61 778.05 2117.41 1858.30 545.50 451.82 446.00 424.83 133.34 315.45 262.77 50.38 4181.08 4945.93 1987.58 1681.37 1899.34 737.92 454.81 464.79 679.41 185.28 515.14 755.33 1552.85 1247.61 1682.90 1889.19 2793.22 2567.58 
6186.56 5289.75 5433.94 4484.38 4412.10 4319.18 4103.44 4200.77 3642.64 3257.89 3005.45 2886.82 2470.67 2431.78 2137.07 1367.74 314.42 49.59 0.00 144.76 62.99 535.34 24.49 250.14 791.99 690.68 689.09 1196.67 5326.44 5513.98 5417.35 5301.52 3929.48 4484.37 4615.74 5088.20 5057.08 4759.23 4042.07 3744.95 3609.37 3469.66 3331.45 3740.71 3364.79 2672.75 2138.19 1924.47 3234.75 2786.68 2879.07 2653.04 2337.22 1554.98 2564.38 1908.63 1907.47 1576.75 1120.80 802.30 347.99 254.63 44.27 464.80 1432.46 788.51 755.77 760.62 2133.77 1874.74 561.87 467.11 464.01 444.78 144.82 297.13 243.71 2.22 4197.39 4962.74 2003.63 1698.10 1915.95 754.01 470.56 483.83 697.94 196.83 535.40 770.54 1568.89 1231.58 1665.62 1873.06 2776.99 2550.82 
6055.85 5158.33 5302.98 4353.42 4281.15 4187.60 3971.88 4069.99 3511.78 3127.15 2874.94 2755.48 2340.05 2301.05 2006.73 1235.38 179.30 115.44 144.76 0.00 153.47 667.12 135.17 113.77 661.64 820.83 817.29 1328.16 5195.03 5383.05 5286.26 5170.76 3798.67 4353.43 4484.53 4957.14 4926.00 4627.95 3910.76 3614.05 3478.32 3338.07 3200.31 3609.44 3233.68 2540.81 2007.75 1792.47 3103.55 2655.46 2747.69 2522.31 2206.75 1423.45 2433.04 1776.95 1775.86 1444.42 991.24 671.17 215.75 137.26 123.60 593.98 1562.29 917.36 885.15 893.17 2003.22 1744.11 432.28 339.68 332.26 310.31 53.94 430.88 378.20 146.78 4066.77 4831.43 1873.52 1567.11 1785.09 624.43 342.34 350.52 564.96 87.45 400.32 642.28 1438.89 1362.28 1797.81 2003.78 2907.76 2682.28 
6209.26 5311.78 5456.41 4506.84 4434.57 4341.05 4125.33 4223.40 3665.19 3280.54 3028.32 2908.91 2493.42 2454.43 2160.06 1388.83 332.56 40.79 62.99 153.47 0.00 513.84 41.63 266.95 814.77 667.38 663.86 1174.72 5348.47 5536.48 5439.69 5324.18 3952.08 4506.85 4637.97 5110.57 5079.43 4781.39 4064.19 3767.46 3631.74 3491.52 3353.73 3762.87 3387.10 2694.26 2161.09 1945.91 3256.98 2808.88 2901.12 2675.69 2360.10 1576.85 2586.46 1930.38 1929.28 1597.87 1144.36 824.42 368.60 282.84 34.81 440.53 1408.85 763.91 731.68 739.87 2156.57 1897.46 585.06 491.69 485.32 463.70 174.13 278.59 226.62 62.24 4220.16 4984.87 2026.82 1720.48 1938.46 777.41 494.59 503.83 718.36 226.00 553.78 794.99 1592.14 1208.82 1644.37 1850.32 2754.30 2528.82 
6721.52 5824.44 5968.81 5019.23 4946.95 4853.78 4638.04 4735.67 4177.49 3792.77 3540.39 3421.46 3005.54 2966.62 2671.99 1901.71 845.53 552.01 535.34 667.12 513.84 0.00 535.95 780.00 1326.53 155.71 156.72 661.60 5861.13 6048.86 5952.17 5836.46 4464.36 5019.22 5150.50 5623.03 5591.90 5293.97 4576.77 4279.79 4144.16 4004.22 3866.19 4275.42 3899.54 3207.10 2673.09 2458.72 3769.46 3321.36 3413.69 3187.89 2872.12 2089.39 3099.00 2443.04 2441.90 2110.78 1655.75 1336.56 880.79 789.77 544.10 75.62 897.12 254.13 221.10 226.05 2668.63 2409.55 1096.36 1001.93 997.49 976.78 679.54 238.21 291.63 533.12 4732.34 5497.47 2538.61 2232.75 2450.68 1288.75 1005.22 1016.60 1231.23 731.91 1067.15 1305.59 2103.83 696.30 1130.99 1337.86 2241.87 2015.92 
6185.60 5288.49 5432.86 4483.28 4411.01 4317.83 4102.09 4199.74 3641.55 3256.83 3004.47 2885.51 2469.61 2430.68 2136.08 1365.84 310.27 27.15 24.49 135.17 41.63 535.95 0.00 245.10 790.58 690.74 688.35 1197.55 5325.19 5512.92 5416.22 5300.52 3928.43 4483.28 4614.55 5087.08 5055.95 4758.02 4040.82 3743.85 3608.21 3468.28 3330.24 3739.47 3363.59 2671.18 2137.17 1922.82 3233.51 2785.41 2877.74 2651.95 2336.20 1553.45 2563.05 1907.10 1905.96 1574.91 1119.88 800.62 345.00 254.59 20.44 464.16 1432.71 788.11 755.56 761.78 2132.70 1873.61 560.43 466.12 461.61 441.35 144.28 298.25 245.05 24.69 4196.42 4961.52 2002.71 1696.80 1914.74 752.84 469.34 480.92 695.47 196.83 531.90 769.83 1567.94 1232.14 1666.89 1873.75 2777.77 2551.87 
5942.34 5044.91 5189.50 4239.92 4167.66 4074.19 3858.47 3956.47 3398.26 3013.60 2761.37 2642.01 2226.47 2187.48 1893.11 1121.96 65.61 228.02 250.14 113.77 266.95 780.00 245.10 0.00 547.90 934.09 930.78 1441.34 5081.61 5269.57 5172.79 5057.25 3685.15 4239.93 4371.07 4843.67 4812.53 4514.51 3797.30 3500.53 3364.82 3224.65 3086.82 3495.97 3120.19 2427.41 1894.14 1679.05 2990.07 2541.96 2634.22 2408.75 2093.15 1309.93 2319.55 1663.48 1662.38 1331.02 877.50 557.48 102.06 52.12 235.90 707.23 1675.74 1030.81 998.53 1006.03 1889.62 1630.51 318.54 226.37 218.50 196.83 109.07 542.99 489.96 252.32 3953.23 4717.99 1759.88 1453.53 1671.51 510.67 228.87 236.89 451.45 68.41 287.14 528.53 1325.21 1475.59 1910.92 2117.15 3021.16 2795.57 
5395.02 4497.94 4642.28 3692.70 3620.42 3527.30 3311.56 3409.16 2850.97 2466.25 2213.91 2094.96 1679.03 1640.10 1345.53 575.91 482.34 775.41 791.99 661.64 814.77 1326.53 790.58 547.90 0.00 1481.23 1478.37 1988.12 4534.63 4722.33 4625.64 4509.95 3137.85 3692.70 3823.97 4296.50 4265.37 3967.45 3250.25 2953.27 2817.63 2677.76 2539.67 2948.90 2573.01 1880.77 1346.61 1132.48 2442.94 1994.84 2087.20 1861.37 1545.64 762.99 1772.50 1116.65 1115.49 784.83 329.61 13.39 446.20 537.47 783.09 1254.48 2223.15 1578.32 1545.91 1552.28 1342.13 1083.03 230.18 324.91 329.45 351.74 647.27 1088.61 1035.27 794.21 3405.84 4170.95 1212.21 906.23 1124.16 38.60 321.44 311.28 99.90 595.17 263.60 30.67 777.46 2022.70 2457.40 2664.31 3568.35 3342.44 
6876.23 5978.95 6123.45 5173.87 5101.59 5008.25 4792.52 4890.36 4332.16 3947.46 3695.13 3576.00 3160.25 3121.30 2826.76 2056.04 999.68 706.10 690.68 820.83 667.38 155.71 690.74 934.09 1481.23 0.00 22.49 507.35 6015.65 6203.51 6106.77 5991.15 4619.04 5173.87 5305.07 5777.64 5746.51 5448.52 4731.32 4434.45 4298.77 4158.70 4020.78 4429.98 4054.14 3361.49 2827.84 2613.11 3924.04 3475.93 3568.22 3342.58 3026.87 2243.90 3253.54 2597.50 2596.39 2265.10 1810.61 1491.15 1035.22 944.92 698.30 226.86 741.97 98.57 65.44 77.68 2823.36 2564.25 1251.12 1156.85 1151.98 1130.91 834.61 393.66 447.05 688.47 4887.07 5652.01 2693.42 2387.38 2605.34 1443.55 1160.08 1170.89 1385.51 887.06 1221.12 1460.56 2258.65 541.52 977.04 1183.12 2087.15 1861.49 
6873.12 5975.62 6120.27 5170.70 5098.43 5004.88 4789.17 4887.25 4329.04 3944.38 3692.14 3572.77 3157.24 3118.26 2823.84 2052.67 996.40 702.98 689.09 817.29 663.86 156.72 688.35 930.78 1478.37 22.49 0.00 511.95 6012.31 6200.33 6103.54 5988.03 4615.93 5170.70 5301.82 5774.43 5743.29 5445.24 4728.05 4431.31 4295.59 4155.36 4017.58 4426.73 4050.96 3358.09 2824.88 2609.76 3920.83 3472.73 3564.97 3339.52 3023.90 2240.71 3250.32 2594.24 2593.14 2261.71 1807.89 1488.16 1032.20 942.83 695.29 224.30 745.01 100.13 68.73 91.65 2820.37 2561.26 1248.39 1154.36 1148.98 1127.56 832.47 392.67 445.89 686.87 4884.01 5648.72 2690.56 2384.30 2602.29 1440.83 1157.50 1167.66 1382.22 884.99 1217.58 1458.06 2255.83 545.35 981.52 1186.58 2090.49 1865.20 
7383.11 6486.03 6630.40 5680.82 5608.54 5515.36 5299.62 5397.26 4839.09 4454.36 4201.97 4083.05 3667.13 3628.21 3333.58 2563.22 1506.91 1213.33 1196.67 1328.16 1174.72 661.60 1197.55 1441.34 1988.12 507.35 511.95 0.00 6522.72 6710.45 6613.77 6498.05 5125.96 5680.82 5812.09 6284.62 6253.49 5955.56 5238.36 4941.39 4805.75 4665.80 4527.79 4937.01 4561.14 3868.65 3334.68 3120.27 4431.06 3982.95 4075.28 3849.48 3533.71 2750.97 3760.59 3104.61 3103.48 2772.30 2317.32 1998.15 1542.32 1451.23 1205.49 734.18 237.83 411.94 443.50 436.08 3330.22 3071.14 1757.96 1663.49 1659.05 1638.16 1341.06 899.63 953.02 1194.44 5393.92 6159.06 3200.18 2894.35 3112.28 1950.34 1666.80 1678.08 1892.71 1393.39 1728.42 1967.12 2765.41 38.29 469.70 676.42 1580.33 1354.33 
862.36 36.69 113.58 842.49 914.75 1007.44 1223.14 1126.25 1683.98 2068.70 2321.26 2439.67 2855.83 2894.68 3189.46 3959.65 5016.00 5309.56 5326.44 5195.03 5348.47 5861.13 5325.19 5081.61 4534.63 6015.65 6012.31 6522.72 0.00 191.68 94.40 55.70 1397.30 842.54 710.78 239.57 270.41 567.25 1284.38 1581.65 1717.10 1856.96 1994.99 1585.73 1961.66 2654.23 3188.30 3402.56 2091.70 2539.79 2447.44 2673.45 2989.31 3771.76 2762.14 3418.14 3419.26 3750.60 4205.66 4524.57 4980.44 5071.82 5317.35 5788.81 6757.32 6112.38 6080.13 6086.90 3192.70 3451.71 4764.81 4859.38 4863.69 4884.79 5181.84 5623.24 5569.88 5328.67 1130.03 363.74 3322.96 3628.40 3410.50 4572.48 4856.02 4844.76 4630.16 5129.62 4794.73 4555.93 3757.61 6557.16 6992.02 7198.75 8102.77 7877.05 
672.91 227.77 80.09 1029.64 1101.92 1196.08 1411.59 1313.20 1871.36 2256.09 2508.53 2627.57 3043.33 3082.24 3376.91 4147.69 5203.95 5497.47 5513.98 5383.05 5536.48 6048.86 5512.92 5269.57 4722.33 6203.51 6200.33 6710.45 191.68 0.00 97.65 212.73 1584.50 1029.64 898.64 425.99 457.14 755.40 1472.39 1769.07 1904.75 2045.16 2182.75 1773.65 2149.38 2842.47 3375.79 3590.64 2279.50 2727.60 2635.38 2860.97 3176.76 3959.64 2950.02 3606.10 3607.20 3938.69 4393.18 4712.36 5168.29 5259.35 5505.23 5976.70 6945.31 6300.38 6268.07 6274.53 3380.24 3639.31 4952.49 5046.99 5051.53 5072.77 5369.44 5810.87 5757.49 5516.20 1316.64 552.22 3510.35 3816.13 3598.18 4760.12 5043.66 5032.69 4818.12 5317.17 4982.80 4743.43 3945.09 6745.01 7179.60 7386.62 8290.66 8064.75 
770.03 130.19 20.05 932.98 1005.26 1098.98 1314.57 1216.65 1774.71 2159.46 2411.95 2530.78 2946.68 2985.58 3280.29 4050.88 5107.18 5400.71 5417.35 5286.26 5439.69 5952.17 5416.22 5172.79 4625.64 6106.77 6103.54 6613.77 94.40 97.65 0.00 118.43 1487.89 932.99 801.73 329.15 360.27 658.36 1375.51 1672.40 1808.01 1948.25 2085.99 1676.82 2052.63 2745.57 3279.16 3493.80 2182.73 2630.84 2538.57 2764.31 3080.14 3862.88 2853.24 3509.31 3510.41 3841.86 4296.55 4615.64 5071.55 5162.73 5408.48 5879.95 6848.53 6203.60 6171.31 6177.88 3283.59 3542.64 4855.81 4950.33 4954.79 4975.99 5272.79 5714.21 5660.84 5419.57 1220.20 455.01 3413.75 3719.42 3501.49 4663.45 4946.99 4935.93 4721.34 5220.54 4885.98 4646.81 3848.47 6648.28 7082.97 7289.89 8193.92 7968.08 
885.08 51.51 133.11 817.39 889.63 984.46 1199.75 1100.79 1659.00 2043.69 2296.08 2415.32 2830.92 2869.85 3164.47 3935.43 4991.64 5285.13 5301.52 5170.76 5324.18 5836.46 5300.52 5057.25 4509.95 5991.15 5988.03 6498.05 55.70 212.73 118.43 0.00 1372.11 817.37 686.76 214.64 245.73 543.86 1260.32 1556.72 1692.46 1833.09 1970.48 1561.48 1937.09 2630.34 3163.37 3378.40 2067.24 2515.31 2423.13 2648.58 2964.33 3747.33 2737.74 3393.83 3394.91 3726.45 4180.75 4500.00 4955.94 5046.91 5292.89 5764.35 6732.98 6088.06 6055.74 6062.10 3167.82 3426.92 4740.10 4834.56 4839.17 4860.47 5157.01 5598.45 5545.07 5303.75 1104.14 341.49 3297.90 3603.77 3385.81 4547.71 4831.25 4820.37 4605.82 5104.73 4770.53 4530.99 3732.65 6532.64 6967.14 7174.25 8078.29 7852.33 
2257.19 1360.62 1504.45 554.92 482.64 392.24 179.35 271.32 286.89 671.60 924.06 1043.33 1458.83 1497.75 1792.42 2563.38 3619.54 3913.03 3929.48 3798.67 3952.08 4464.36 3928.43 3685.15 3137.85 4619.04 4615.93 5125.96 1397.30 1584.50 1487.89 1372.11 0.00 554.90 686.54 1158.74 1127.63 830.08 116.25 184.66 320.56 462.28 598.51 190.90 565.10 1258.64 1791.29 2006.40 695.27 1143.26 1051.17 1276.48 1592.27 2375.23 1365.69 2021.77 2022.84 2354.43 2808.69 3127.89 3583.83 3674.86 3920.78 4392.24 5360.88 4715.96 4683.64 4690.04 1795.74 2054.82 3368.00 3462.49 3467.07 3488.38 3784.94 4226.37 4173.00 3931.71 268.25 1033.56 1925.87 2231.67 2013.71 3175.63 3459.16 3448.27 3233.72 3732.68 3398.46 3158.94 2360.60 5160.53 5595.10 5802.15 6706.19 6480.26 
1702.43 805.88 949.58 1.11 72.28 170.71 383.26 283.72 841.74 1226.48 1478.96 1597.96 2013.71 2052.61 2347.31 3118.08 4174.32 4467.83 4484.37 4353.43 4506.85 5019.22 4483.28 4239.93 3692.70 5173.87 5170.70 5680.82 842.54 1029.64 932.99 817.37 554.90 0.00 132.41 603.84 572.73 275.64 443.11 739.43 875.11 1015.78 1153.12 744.12 1119.75 1812.98 2346.18 2561.04 1249.88 1697.97 1605.77 1831.34 2147.15 2930.00 1920.39 2576.48 2577.57 2909.09 3363.57 3682.72 4138.65 4229.75 4475.59 4947.06 5915.67 5270.75 5238.44 5244.91 2350.61 2609.68 3922.86 4017.37 4021.88 4043.14 4339.82 4781.25 4727.87 4486.60 287.57 478.88 2480.77 2786.49 2568.54 3730.49 4014.03 4003.06 3788.49 4287.56 3953.19 3713.83 2915.48 5715.37 6149.99 6356.98 7261.02 7035.13 
1571.55 674.10 818.55 132.26 204.26 297.81 513.00 415.68 973.19 1357.93 1610.48 1729.07 2145.09 2183.95 2478.71 3249.15 4305.46 4599.00 4615.74 4484.53 4637.97 5150.50 4614.55 4371.07 3823.97 5305.07 5301.82 5812.09 710.78 898.64 801.73 686.76 686.54 132.41 0.00 472.66 441.51 143.55 573.78 870.87 1006.36 1146.54 1284.31 875.10 1250.96 1943.85 2477.56 2692.08 1381.03 1829.14 1736.86 1962.71 2278.56 3061.17 2051.53 2707.59 2708.70 3040.13 3494.94 3813.95 4269.85 4361.11 4606.78 5078.24 6046.81 5401.88 5369.60 5376.23 2481.98 2741.01 4054.15 4148.69 4153.09 4174.27 4471.15 4912.56 4859.20 4617.96 419.79 347.04 2612.20 2917.74 2699.82 3861.80 4145.34 4134.21 3919.62 4418.92 4084.26 3845.21 3046.87 5846.58 6281.34 6488.19 7392.22 7166.42 
1098.90 203.17 345.90 603.83 676.11 770.14 985.61 887.52 1445.57 1830.31 2082.80 2201.66 2617.53 2656.43 2951.14 3721.77 4778.06 5071.58 5088.20 4957.14 5110.57 5623.03 5087.08 4843.67 4296.50 5777.64 5774.43 6284.62 239.57 425.99 329.15 214.64 1158.74 603.84 472.66 0.00 31.15 329.45 1046.42 1343.25 1478.87 1619.19 1756.86 1347.71 1723.50 2416.50 2950.01 3164.70 1853.60 2301.71 2209.45 2435.16 2750.99 3533.75 2524.11 3180.19 3181.29 3512.76 3967.40 4286.50 4742.42 4833.58 5079.35 5550.82 6519.41 5874.48 5842.18 5848.73 2954.44 3213.49 4526.67 4621.18 4625.66 4646.87 4943.64 5385.07 5331.69 5090.43 891.11 126.90 3084.60 3390.28 3172.34 4334.31 4617.84 4606.80 4392.22 4891.39 4556.88 4317.66 3519.32 6319.15 6753.82 6960.76 7864.79 7638.94 
1130.05 233.92 377.05 572.71 645.00 738.99 954.45 856.41 1414.44 1799.19 2051.69 2170.52 2586.41 2625.30 2920.02 3690.63 4746.92 5040.45 5057.08 4926.00 5079.43 5591.90 5055.95 4812.53 4265.37 5746.51 5743.29 6253.49 270.41 457.14 360.27 245.73 1127.63 572.73 441.51 31.15 0.00 298.30 1015.27 1312.13 1447.74 1588.04 1725.72 1316.56 1692.36 2385.35 2918.88 3133.56 1822.47 2270.57 2178.32 2404.04 2719.87 3502.61 2492.98 3149.05 3150.15 3481.61 3936.28 4255.37 4711.28 4802.45 5048.21 5519.68 6488.27 5843.34 5811.05 5817.61 2923.31 3182.37 4495.54 4590.06 4594.52 4615.73 4912.51 5353.94 5300.57 5059.30 860.04 95.98 3053.49 3359.15 3141.21 4303.18 4586.72 4575.66 4361.08 4860.27 4525.74 4286.54 3488.19 6288.01 6722.69 6929.62 7833.66 7607.81 
1428.30 530.57 675.31 275.55 347.71 440.69 656.21 559.18 1116.73 1501.45 1754.01 1872.52 2288.59 2327.45 2622.23 3392.57 4448.90 4742.44 4759.23 4627.95 4781.39 5293.97 4758.02 4514.51 3967.45 5448.52 5445.24 5955.56 567.25 755.40 658.36 543.86 830.08 275.64 143.55 329.45 298.30 0.00 717.20 1014.41 1149.86 1289.91 1427.78 1018.55 1394.45 2087.22 2621.07 2835.49 1524.50 1972.61 1880.30 2106.21 2422.07 3204.62 2194.98 2851.03 2852.14 3183.54 3638.44 3957.41 4413.30 4504.61 4750.22 5221.69 6190.24 5545.30 5513.03 5519.71 2625.48 2884.50 4197.62 4292.18 4296.55 4317.70 4614.64 5056.04 5002.68 4761.45 563.19 203.51 2755.72 3061.21 2843.31 4005.29 4288.82 4277.65 4063.05 4562.41 4227.67 3988.71 3190.38 5990.03 6424.82 6631.63 7535.66 7309.89 
2145.27 1247.69 1392.30 443.05 370.94 277.52 63.11 162.24 400.07 784.53 1037.13 1155.31 1571.49 1610.32 1905.12 2675.38 3731.70 4025.24 4042.07 3910.76 4064.19 4576.77 4040.82 3797.30 3250.25 4731.32 4728.05 5238.36 1284.38 1472.39 1375.51 1260.32 116.25 443.11 573.78 1046.42 1015.27 717.20 0.00 297.89 432.82 572.78 710.62 301.35 677.30 1370.08 1903.95 2118.30 807.32 1255.41 1163.09 1389.10 1704.98 2487.42 1477.78 2133.82 2134.93 2466.35 2921.29 3240.21 3696.10 3787.44 4033.02 4504.48 5473.04 4828.11 4795.83 4802.53 1908.34 2167.33 3480.43 3575.00 3579.34 3600.50 3897.46 4338.86 4285.50 4044.29 161.30 920.70 2038.64 2344.02 2126.12 3288.11 3571.64 3560.45 3345.85 3845.24 3510.48 3271.56 2473.24 5272.83 5707.64 5914.43 6818.46 6592.69 
2441.80 1544.97 1689.01 739.44 667.16 575.40 360.27 455.95 102.32 487.07 739.61 858.67 1274.28 1313.18 1607.89 2378.74 3434.92 3728.42 3744.95 3614.05 3767.46 4279.79 3743.85 3500.53 2953.27 4434.45 4431.31 4941.39 1581.65 1769.07 1672.40 1556.72 184.66 739.43 870.87 1343.25 1312.13 1014.41 297.89 0.00 135.95 278.19 413.85 21.59 380.44 1073.99 1606.75 1821.75 510.61 958.61 866.51 1091.91 1407.73 2190.61 1181.04 1837.13 1838.20 2169.78 2624.15 2943.30 3399.23 3490.32 3736.17 4207.64 5176.27 4531.35 4499.03 4505.48 1611.18 1870.25 3183.43 3277.93 3282.47 3303.76 3600.39 4041.82 3988.44 3747.17 452.90 1217.91 1741.36 2047.07 1829.12 2991.06 3274.60 3263.66 3049.10 3548.14 3213.83 2974.41 2176.06 4975.94 5410.56 5617.56 6521.59 6295.69 
2577.54 1680.41 1824.68 875.10 802.84 710.26 494.68 591.78 35.16 351.71 604.31 722.86 1138.73 1177.59 1472.36 2242.97 3299.21 3592.72 3609.37 3478.32 3631.74 4144.16 3608.21 3364.82 2817.63 4298.77 4295.59 4805.75 1717.10 1904.75 1808.01 1692.46 320.56 875.11 1006.36 1478.87 1447.74 1149.86 432.82 135.95 0.00 142.84 278.02 131.78 244.64 938.09 1471.20 1685.95 374.78 822.86 730.69 956.35 1272.21 2054.89 1045.28 1701.37 1702.46 2034.00 2488.58 2807.63 3263.55 3354.75 3600.49 4071.96 5040.56 4395.63 4363.33 4369.88 1475.61 1734.64 3047.80 3142.34 3146.79 3168.03 3464.79 3906.21 3852.84 3611.60 588.81 1353.38 1605.86 1911.41 1693.48 2855.45 3138.99 3127.95 2913.38 3412.55 3078.08 2838.85 2040.51 4840.28 5274.98 5481.89 6385.92 6160.07 
2718.06 1820.26 1965.08 1015.75 943.55 849.56 633.82 733.00 177.77 215.67 466.74 582.87 999.51 1038.21 1333.07 2102.69 3159.05 3452.61 3469.66 3338.07 3491.52 4004.22 3468.28 3224.65 2677.76 4158.70 4155.36 4665.80 1856.96 2045.16 1948.25 1833.09 462.28 1015.78 1146.54 1619.19 1588.04 1289.91 572.78 278.19 142.84 0.00 139.84 271.76 107.61 797.32 1331.84 1545.61 235.57 683.06 590.59 817.20 1133.00 1914.83 905.28 1561.20 1562.32 1893.65 2348.95 2667.66 3123.50 3215.04 3460.40 3931.86 4900.36 4255.43 4223.18 4230.03 1336.17 1595.02 2907.94 3002.56 3006.76 3027.83 3325.01 3766.37 3713.02 3471.88 730.35 1493.37 1466.62 1771.56 1553.74 2715.66 2999.17 2987.81 2773.20 3272.82 2937.78 2699.22 1901.01 4700.21 5135.15 5341.80 6245.81 6020.13 
2855.55 1958.30 2102.68 1153.11 1080.85 987.86 772.15 869.78 311.73 76.07 327.17 444.84 860.89 899.70 1194.52 1964.96 3021.20 3314.73 3331.45 3200.31 3353.73 3866.19 3330.24 3086.82 2539.67 4020.78 4017.58 4527.79 1994.99 2182.75 2085.99 1970.48 598.51 1153.12 1284.31 1756.86 1725.72 1427.78 710.62 413.85 278.02 139.84 0.00 409.27 33.43 660.17 1193.34 1407.93 96.76 544.85 452.67 678.51 994.39 1776.89 767.27 1423.36 1424.45 1755.98 2210.67 2529.65 2985.56 3076.83 3322.49 3793.96 4762.56 4117.63 4085.33 4091.93 1197.73 1456.72 2769.84 2864.40 2868.80 2890.02 3186.85 3628.26 3574.90 3333.68 866.74 1631.29 1328.05 1633.44 1415.52 2577.50 2861.04 2849.95 2635.37 3134.63 2800.06 2560.94 1762.63 4562.29 4997.04 5203.90 6107.93 5882.11 
2446.50 1549.04 1693.57 744.10 671.87 578.64 362.99 461.24 100.60 483.38 735.95 853.97 1270.15 1308.97 1603.79 2374.06 3430.37 3723.90 3740.71 3609.44 3762.87 4275.42 3739.47 3495.97 2948.90 4429.98 4426.73 4937.01 1585.73 1773.65 1676.82 1561.48 190.90 744.12 875.10 1347.71 1316.56 1018.55 301.35 21.59 131.78 271.76 409.27 0.00 375.97 1068.86 1602.61 1817.00 505.96 954.06 861.76 1087.77 1403.65 2186.08 1176.43 1832.49 1833.60 2165.05 2619.93 2938.86 3394.75 3486.09 3731.68 4203.15 5171.71 4526.78 4494.50 4501.17 1607.00 1865.98 3179.08 3273.65 3278.00 3299.17 3596.10 4037.50 3984.14 3742.94 458.65 1222.05 1737.31 2042.67 1824.77 2986.75 3270.28 3259.12 3044.52 3543.89 3209.17 2970.21 2171.89 4971.49 5406.28 5613.09 6517.12 6291.34 
2822.17 1924.97 2069.31 1119.74 1047.47 954.59 738.90 836.38 278.30 108.22 360.22 478.24 894.19 933.02 1227.82 1998.34 3054.57 3348.09 3364.79 3233.68 3387.10 3899.54 3363.59 3120.19 2573.01 4054.14 4050.96 4561.14 1961.66 2149.38 2052.63 1937.09 565.10 1119.75 1250.96 1723.50 1692.36 1394.45 677.30 380.44 244.64 107.61 33.43 375.97 0.00 693.60 1226.65 1441.32 130.17 578.22 486.07 711.80 1027.68 1810.26 800.64 1456.74 1457.82 1789.37 2244.00 2563.01 3018.92 3110.16 3355.86 3827.33 4795.93 4151.00 4118.70 4125.27 1231.04 1490.05 2803.19 2897.74 2902.16 2923.40 3220.19 3661.60 3608.24 3367.01 833.33 1597.96 1361.34 1666.79 1448.86 2610.84 2894.38 2883.31 2668.74 3167.96 2833.44 2594.27 1795.94 4595.65 5030.38 5237.26 6141.29 5915.46 
3515.35 2617.54 2762.38 1812.96 1740.73 1646.80 1431.09 1529.84 971.90 588.32 339.34 216.00 208.22 245.11 538.20 1305.45 2361.82 2655.39 2672.75 2540.81 2694.26 3207.10 2671.18 2427.41 1880.77 3361.49 3358.09 3868.65 2654.23 2842.47 2745.57 2630.34 1258.64 1812.98 1943.85 2416.50 2385.35 2087.22 1370.08 1073.99 938.09 797.32 660.17 1068.86 693.60 0.00 536.73 748.38 563.44 118.40 208.01 53.49 339.65 1117.77 110.85 764.12 765.28 1096.39 1552.31 1870.59 2326.33 2418.17 2663.20 3134.64 4103.09 3458.16 3425.93 3432.96 540.82 798.76 2110.93 2205.64 2209.61 2230.59 2528.04 2969.33 2916.00 2674.97 1526.89 2290.67 671.48 974.80 757.30 1918.75 2202.21 2190.60 1975.98 2475.92 2140.50 1902.49 1104.73 3903.00 4338.08 4544.57 5448.56 5222.96 
4048.43 3151.61 3295.75 2346.19 2273.90 2181.18 1965.45 2062.59 1504.44 1119.70 867.30 749.02 332.48 293.65 3.52 773.23 1828.53 2121.92 2138.19 2007.75 2161.09 2673.09 2137.17 1894.14 1346.61 2827.84 2824.88 3334.68 3188.30 3375.79 3279.16 3163.37 1791.29 2346.18 2477.56 2950.01 2918.88 2621.07 1903.95 1606.75 1471.20 1331.84 1193.34 1602.61 1226.65 536.73 0.00 220.11 1096.68 648.80 741.34 514.86 199.03 584.65 427.00 233.44 234.17 565.06 1017.40 1336.73 1792.69 1883.57 2129.64 2601.07 3569.74 2924.87 2892.49 2898.74 5.56 263.64 1576.74 1671.20 1675.92 1697.45 1993.65 2435.08 2381.70 2140.42 2059.25 2824.58 134.83 440.73 222.85 1384.34 1667.88 1657.26 1442.83 1941.38 1607.75 1367.66 569.31 3369.30 3803.81 4010.91 4914.94 4688.96 
4263.47 3365.87 3510.56 2561.03 2488.77 2395.14 2179.42 2277.70 1719.52 1335.06 1083.28 963.09 548.97 509.82 219.79 557.09 1613.45 1907.02 1924.47 1792.47 1945.91 2458.72 1922.82 1679.05 1132.48 2613.11 2609.76 3120.27 3402.56 3590.64 3493.80 3378.40 2006.40 2561.04 2692.08 3164.70 3133.56 2835.49 2118.30 1821.75 1685.95 1545.61 1407.93 1817.00 1441.32 748.38 220.11 0.00 1311.17 863.15 955.27 730.65 416.65 369.54 640.73 18.51 20.68 348.06 804.51 1122.24 1577.95 1669.93 1914.82 2386.26 3354.76 2709.82 2677.57 2684.60 215.04 63.92 1362.62 1457.38 1461.23 1482.23 1779.73 2220.98 2167.66 1926.69 2274.57 3038.96 98.76 227.71 35.34 1170.52 1453.91 1442.22 1227.60 1727.65 1392.18 1154.46 358.70 3154.63 3589.70 3796.20 4700.21 4474.58 
2952.31 2055.01 2199.43 1249.87 1177.61 1084.50 868.77 966.54 408.47 32.25 231.31 348.08 764.25 803.03 1097.88 1868.20 2924.46 3217.98 3234.75 3103.55 3256.98 3769.46 3233.51 2990.07 2442.94 3924.04 3920.83 4431.06 2091.70 2279.50 2182.73 2067.24 695.27 1249.88 1381.03 1853.60 1822.47 1524.50 807.32 510.61 374.78 235.57 96.76 505.96 130.17 563.44 1096.68 1311.17 0.00 448.11 355.91 581.88 897.75 1680.15 670.51 1326.60 1327.69 1659.22 2113.97 2432.92 2888.82 2980.13 3225.75 3697.22 4665.81 4020.88 3988.58 3995.21 1101.05 1360.02 2673.12 2767.69 2772.06 2793.27 3090.14 3531.54 3478.18 3236.97 963.50 1728.01 1231.41 1536.71 1318.81 2480.79 2764.32 2753.20 2538.62 3037.92 2703.31 2464.25 1665.95 4465.55 4900.32 5107.16 6011.19 5785.38 
3400.39 2503.09 2647.54 1697.96 1625.70 1532.51 1316.77 1414.56 856.37 471.98 221.41 100.23 316.65 355.21 650.06 1420.13 2476.35 2769.87 2786.68 2655.46 2808.88 3321.36 2785.41 2541.96 1994.84 3475.93 3472.73 3982.95 2539.79 2727.60 2630.84 2515.31 1143.26 1697.97 1829.14 2301.71 2270.57 1972.61 1255.41 958.61 822.86 683.06 544.85 954.06 578.22 118.40 648.80 863.15 448.11 0.00 92.62 134.92 450.08 1232.04 222.43 878.52 879.60 1211.18 1665.93 1984.81 2440.71 2532.06 2777.64 3249.11 4217.71 3572.78 3540.48 3547.12 653.12 911.98 2225.02 2319.60 2323.95 2345.17 2642.05 3083.45 3030.09 2788.90 1411.42 2176.11 783.60 1088.61 870.73 2032.70 2316.23 2305.09 2090.52 2589.85 2255.22 2016.20 1217.95 4017.44 4452.23 4659.05 5563.08 5337.28 
3308.20 2410.75 2555.30 1605.76 1533.50 1440.11 1224.37 1322.45 764.33 380.35 132.93 8.10 409.26 447.79 742.62 1512.32 2568.61 2862.15 2879.07 2747.69 2901.12 3413.69 2877.74 2634.22 2087.20 3568.22 3564.97 4075.28 2447.44 2635.38 2538.57 2423.13 1051.17 1605.77 1736.86 2209.45 2178.32 1880.30 1163.09 866.51 730.69 590.59 452.67 861.76 486.07 208.01 741.34 955.27 355.91 92.62 0.00 227.43 542.68 1324.32 314.70 970.74 971.84 1303.32 1758.36 2077.13 2533.00 2624.46 2869.92 3341.39 4309.96 3665.02 3632.74 3639.47 745.64 1004.43 2317.38 2411.99 2416.25 2437.42 2734.43 3175.81 3122.46 2881.30 1319.38 2083.79 876.16 1180.98 963.14 2125.08 2408.60 2397.36 2182.77 2682.24 2347.43 2108.63 1310.42 4109.74 4544.59 4751.34 5655.36 5429.61 
3533.65 2636.76 2780.92 1831.35 1759.07 1666.37 1450.65 1547.79 989.61 604.88 352.69 234.90 182.38 221.27 516.02 1287.20 2343.13 2636.59 2653.04 2522.31 2675.69 3187.89 2651.95 2408.75 1861.37 3342.58 3339.52 3849.48 2673.45 2860.97 2764.31 2648.58 1276.48 1831.34 1962.71 2435.16 2404.04 2106.21 1389.10 1091.91 956.35 817.20 678.51 1087.77 711.80 53.49 514.86 730.65 581.88 134.92 227.43 0.00 315.88 1098.88 92.26 745.69 746.71 1078.43 1532.24 1851.43 2307.38 2398.42 2644.33 3115.79 4084.44 3439.54 3407.19 3413.57 519.27 778.34 2091.53 2186.02 2190.61 2212.00 2508.48 2949.91 2896.53 2655.26 1544.49 2309.72 649.54 955.22 737.24 1899.15 2182.69 2171.86 1957.35 2456.23 2122.17 1882.51 1084.17 3884.06 4318.65 4525.68 5429.71 5203.78 
3849.40 2952.62 3096.72 2147.16 2074.88 1982.24 1766.52 1863.56 1305.42 920.68 668.27 550.30 133.50 94.93 200.15 972.01 2027.54 2320.94 2337.22 2206.75 2360.10 2872.12 2336.20 2093.15 1545.64 3026.87 3023.90 3533.71 2989.31 3176.76 3080.14 2964.33 1592.27 2147.15 2278.56 2750.99 2719.87 2422.07 1704.98 1407.73 1272.21 1133.00 994.39 1403.65 1027.68 339.65 199.03 416.65 897.75 450.08 542.68 315.88 0.00 783.51 229.11 431.07 431.97 763.54 1216.42 1535.76 1991.72 2082.59 2328.66 2800.10 3768.77 3123.89 3091.52 3097.77 203.53 462.64 1775.78 1870.23 1874.94 1896.44 2192.68 2634.11 2580.73 2339.44 1860.21 2625.58 333.66 639.67 421.70 1583.38 1866.91 1856.26 1641.81 2140.41 1806.71 1566.68 768.33 3568.33 4002.84 4209.95 5113.98 4887.99 
