108
0.00 11219.54 10877.53 18347.16 10704.03 11003.96 7800.65 10334.24 10964.40 6156.96 7481.67 3428.83 13395.67 7912.03 14250.71 14530.17 7026.37 2634.05 18597.61 6188.98 18347.16 798.35 6032.93 2022.68 909.79 6351.04 18033.32 18298.43 5187.11 1395.33 18723.80 3735.24 16442.49 3606.65 5825.39 5930.91 18347.16 5795.05 4688.41 16389.12 5357.84 5636.99 12017.40 2320.13 16178.28 6510.48 4486.74 7678.66 2370.94 4053.59 7713.15 3085.57 1257.10 16296.59 5224.81 3041.56 2798.51 15462.09 2643.69 4645.35 5980.38 1735.75 17575.65 2217.89 1981.07 8538.64 15769.53 1565.37 11551.48 8455.06 1147.55 11703.61 14966.74 2530.88 9027.96 16099.63 3112.37 10264.57 16467.88 563.98 11703.61 10036.28 4001.64 10916.49 14223.20 3137.76 18469.05 2093.84 4704.00 15425.69 15128.74 4324.06 2174.13 10932.87 4734.20 2909.60 6680.37 2953.69 2453.19 15409.82 5567.59 344.76 18486.38 5988.93 1448.81 14554.79 6412.49 2386.21 
11219.54 0.00 17520.70 10341.13 5553.82 8341.96 16565.80 889.56 17137.39 15508.43 15673.06 10052.46 14055.29 7797.46 8739.85 13114.26 13874.92 11853.24 8425.73 14993.35 10341.13 10745.59 13936.36 12184.35 10654.48 7553.51 10388.26 8878.99 13460.52 11623.91 10079.38 13202.61 10280.76 8801.97 5938.24 6081.72 10341.13 7377.83 13312.54 9132.98 7583.20 9816.27 8754.69 12995.20 12427.24 9111.97 8021.73 3558.24 9601.84 8252.63 5443.43 9718.68 11713.36 10309.85 9452.54 9119.40 13949.01 9772.74 9263.34 8334.23 8724.06 10064.28 9069.36 9229.66 9340.37 14448.02 9028.71 9785.15 333.58 7344.81 10227.82 7426.64 8103.02 9178.24 15019.48 8327.46 8367.50 13846.96 11918.71 11556.98 7426.64 14465.64 7570.87 6174.08 13547.86 10844.09 10339.86 11320.60 7908.98 10243.37 6149.83 7689.58 10509.33 3793.55 7479.24 9398.60 5101.78 13322.64 11788.19 13300.11 7090.51 11316.32 8282.28 6914.60 11117.14 4138.43 6752.71 10248.73 
10877.53 17520.70 0.00 7783.64 12880.77 10007.54 5647.91 18123.74 522.43 6945.46 4463.95 12448.02 5568.55 14276.00 8912.66 6114.61 6105.25 10618.97 9257.59 5653.01 7783.64 11470.28 6513.05 9490.14 11572.71 14867.46 7888.58 8764.56 7265.71 10718.81 7916.88 9302.96 7248.41 12433.67 16509.00 16409.10 7783.64 13110.81 9182.51 8388.10 13085.26 12597.38 9319.26 8784.40 5330.77 10851.74 12985.96 17791.27 11986.77 12913.07 14413.03 12753.61 10118.74 8677.90 13011.34 12296.26 8324.59 9563.97 12294.90 14174.90 13684.54 11673.32 9528.04 13021.53 12553.43 7405.70 10192.22 12124.01 17255.87 14597.66 11708.07 13306.08 11364.08 12462.42 6687.37 10735.56 13308.02 7392.97 5758.31 10446.88 13306.08 4135.39 13928.16 14835.25 3977.11 10356.24 7648.22 10230.76 13016.69 7289.38 12929.87 14761.98 11020.92 16977.79 15004.62 12010.07 17371.88 9124.57 9689.19 4532.69 15418.77 10709.41 9992.28 15583.33 10616.54 14446.07 15714.87 11231.06 
18347.16 10341.13 7783.64 0.00 10785.91 10007.54 10563.52 11230.69 7783.64 12231.44 11675.47 16123.26 5003.77 12120.25 6671.70 3891.82 12565.03 16123.26 2779.87 13009.81 0.00 18347.16 13454.59 17235.21 18347.16 13899.37 555.97 2779.87 14344.15 17235.21 555.97 14788.93 3891.82 17791.19 15233.70 15011.32 nan 15678.48 13899.37 4447.80 16123.26 13899.37 8895.59 16568.04 2779.87 14455.34 17012.82 13899.37 18903.14 17457.60 13899.37 16679.24 17902.38 2779.87 14455.34 18347.16 15567.29 3891.82 18791.94 15567.29 13899.37 19236.72 2223.90 18347.16 19681.50 10007.54 3891.82 19903.89 10007.54 11675.47 19459.11 8339.62 5003.77 19014.33 9451.57 3891.82 18569.55 8339.62 2779.87 18124.77 8339.62 9451.57 17679.99 9451.57 5003.77 17235.21 555.97 17791.19 16790.43 5003.77 5559.75 16345.65 18347.16 10007.54 15900.87 18347.16 14455.34 15456.09 17235.21 3335.85 15011.32 18347.16 2223.90 14566.54 18347.16 6671.70 14121.76 18347.16 
10704.03 5553.82 12880.77 10785.91 0.00 2880.03 17425.39 5503.48 12358.42 16539.80 10339.09 12398.33 15633.41 12836.29 4903.93 14630.39 8683.89 13105.38 8012.88 10146.12 10785.91 10897.10 9132.49 9995.54 10893.08 11773.87 11240.15 8033.36 9087.42 11998.36 10241.98 14432.40 7822.52 7098.96 9060.34 9457.84 10785.91 4914.34 15344.90 6748.81 5355.90 13740.15 3631.60 10719.90 10712.67 4857.66 6240.08 5967.18 8335.42 6682.55 3277.15 11779.96 10143.48 12851.99 13114.73 7667.36 12834.18 13202.78 8082.40 11457.59 12844.06 8968.73 11305.88 10172.79 9015.44 19236.72 12521.82 9300.72 5599.49 12551.22 9623.54 12886.89 12279.42 8244.05 19419.14 11787.43 7924.92 18971.72 10064.71 10573.09 12886.89 8976.84 7132.24 11726.41 10089.18 8148.16 10359.01 9200.30 6018.93 7023.34 10337.71 10247.81 8688.40 9345.36 10372.62 7796.05 8657.21 13619.15 9302.42 11457.33 10616.74 10511.84 10068.82 10734.93 9541.35 8324.79 10849.81 8422.96 
11003.96 8341.96 10007.54 10007.54 2880.03 0.00 14987.12 8370.96 9485.18 15030.16 7862.48 13831.84 13830.75 15652.00 3335.85 13204.78 6463.86 13634.12 7595.41 8034.65 10007.54 11516.04 7185.67 9539.57 11562.35 14329.29 10555.05 7356.88 7464.99 12394.79 9465.85 14377.42 6266.49 7812.17 11507.44 11940.97 10007.54 5976.27 15337.85 5560.56 6380.96 15823.21 1160.42 10007.54 8863.50 4504.10 7199.57 8646.48 8916.23 7612.29 5321.23 13218.75 10007.54 12686.56 15168.26 8346.11 12092.14 13551.22 8789.11 13540.43 15219.86 9457.84 11419.72 11432.82 9921.24 17235.21 13123.71 10036.32 8339.62 15416.96 10197.48 15314.49 13470.26 9041.16 16637.48 12568.12 9083.08 17255.87 8292.46 10645.69 15314.49 6132.68 8526.66 14435.02 7632.69 7907.12 9470.56 9014.27 6993.97 5217.32 11944.18 12286.22 8834.96 12120.25 12538.11 8346.11 11279.13 13362.32 8863.50 9398.80 13013.59 10705.81 10273.17 13234.44 9580.45 10296.40 13442.07 8646.48 
7800.65 16565.80 5647.91 10563.52 17425.39 14987.12 0.00 16248.28 6128.63 1723.16 7181.17 7391.80 5616.55 8777.07 14545.98 6763.18 8768.29 5992.96 13224.05 7283.29 10563.52 7888.76 8292.90 7929.15 7934.14 9234.04 10243.48 12986.44 8363.32 6776.74 11034.24 4476.06 12333.92 11249.77 11442.85 11156.05 10563.52 13346.74 3917.73 13546.79 12956.11 6976.52 14698.86 7122.59 9593.11 12725.61 12165.21 14572.09 10077.00 11766.20 15445.79 7901.85 7987.77 9167.23 7451.27 10731.10 5197.45 9095.58 10390.40 8867.69 8051.92 9455.72 10720.00 9070.42 9740.62 2289.58 9830.23 9355.29 16637.48 9221.02 8948.18 9616.70 10243.61 10319.07 2002.83 10590.25 10891.62 3540.29 10230.46 7747.69 9616.70 8953.22 11777.66 10607.88 9313.10 9737.99 10839.64 8807.90 12363.93 12725.82 12230.60 9843.11 9470.56 12886.79 9896.98 10527.65 12120.07 4915.34 8574.87 8704.83 10006.05 7888.76 11893.16 10060.73 8639.37 14275.06 10115.15 9756.37 
10334.24 889.56 18123.74 11230.69 5503.48 8370.96 16248.28 0.00 17653.10 14942.85 15196.12 9323.07 14788.00 7527.14 9211.51 13908.27 13389.56 11074.21 9271.65 14348.36 11230.69 9873.75 13319.13 11310.26 9784.69 7038.98 11274.40 9708.59 12764.45 10776.57 10966.28 12473.81 11007.44 7960.15 5174.16 5358.63 11230.69 6652.42 12681.01 9830.71 6823.34 9308.88 8933.04 12115.03 13275.39 8546.62 7206.51 2668.68 8725.99 7416.07 4836.54 8949.91 10827.10 11114.86 8886.17 8257.80 13076.62 10504.61 8388.74 7647.81 8221.87 9179.72 9923.01 8369.16 8450.81 14357.74 9776.42 8895.59 1223.14 7140.04 9338.29 7720.39 8783.52 8297.23 15020.31 9099.39 7482.44 14053.61 12746.41 10667.72 7720.39 14475.49 6694.04 6340.95 14244.55 10022.79 11225.98 10455.15 7105.98 10869.76 6890.92 6914.22 9642.44 3950.82 6736.01 8539.28 4369.61 12515.29 10933.73 14158.30 6425.76 10427.68 9164.19 6296.44 10235.15 4949.52 6186.09 9385.94 
10964.40 17137.39 522.43 7783.64 12358.42 9485.18 6128.63 17653.10 0.00 7371.51 4223.20 12766.68 5955.79 14793.00 8450.71 6424.59 5783.71 10906.71 9058.27 5470.38 7783.64 11598.84 6267.86 9461.23 11705.23 15319.50 7935.54 8545.94 7057.90 10916.20 7869.54 9643.01 6929.83 12243.60 16719.52 16681.92 7783.64 12761.00 9579.76 8038.70 12766.68 13048.87 8801.43 8796.35 5216.06 10455.04 12735.07 17441.34 11894.36 12698.03 13957.68 13030.59 10126.16 8892.36 13436.73 12152.60 8510.75 9834.69 12188.89 14517.75 14139.85 11628.84 9637.03 13148.81 12544.51 7922.95 10430.17 12126.91 16902.64 15119.80 11726.13 13743.00 11630.19 12376.57 7207.90 10931.77 13217.03 7909.14 5589.42 10505.48 13743.00 3647.86 13774.60 15286.81 3664.87 10193.36 7601.58 10156.66 12748.32 6896.73 13087.11 15002.06 10928.53 17318.88 15281.01 11869.64 17595.69 9398.31 9604.59 4473.25 15770.37 10772.24 10006.30 15972.21 10587.15 14451.22 16139.19 11121.99 
6156.96 15508.43 6945.46 12231.44 16539.80 15030.16 1723.16 14942.85 7371.51 0.00 7289.50 5752.17 7239.04 7889.92 15760.58 8374.19 8567.87 4273.38 14933.60 6995.73 12231.44 6188.71 7866.00 6564.40 6229.10 7955.24 11876.59 14709.03 7698.25 5069.18 12720.19 2756.10 13961.70 9696.28 9877.11 9633.39 12231.44 11857.38 2289.76 15171.97 11440.45 5693.10 15175.38 5822.26 11293.72 11695.30 10604.32 12924.20 8487.29 10185.63 13866.63 6228.91 6492.95 10568.29 6067.43 9153.79 3733.89 10287.26 8785.25 7329.15 6784.94 7854.95 12129.92 7347.33 8061.14 2825.02 10965.36 7691.57 15697.70 8423.12 7299.67 9666.72 11111.35 8687.70 3028.79 11692.21 9212.47 4518.49 11922.82 6163.88 9666.72 9573.71 10092.32 10301.65 10815.40 8411.86 12535.88 7391.70 10813.56 14214.75 12926.43 8213.36 7976.65 12299.34 8310.18 8974.63 10618.27 3225.89 7250.00 10398.17 8527.35 6277.83 13351.60 8646.51 7126.31 14702.66 8771.89 8255.64 
7481.67 15673.06 4463.95 11675.47 10339.09 7862.48 7181.17 15196.12 4223.20 7289.50 0.00 10421.98 9901.26 14632.76 9005.10 10564.97 1808.70 8646.48 11938.25 1334.34 11675.47 8253.92 2049.88 5611.15 8368.99 13617.47 11948.25 11376.38 2842.04 8029.87 11601.41 8071.79 9332.43 8024.58 13121.00 13324.29 11675.47 8717.28 8611.25 9982.86 8646.48 11984.73 7886.94 5161.92 8905.64 6654.82 8524.99 13341.14 7788.70 8474.95 10366.65 10344.55 6371.56 13115.54 11944.03 7967.90 5928.76 14026.92 8054.55 12017.87 12840.99 7636.86 13745.69 9652.41 8613.60 9470.56 14649.65 8248.62 15823.21 15246.86 7916.68 16795.43 15826.77 8273.68 9083.47 15146.97 9089.86 10434.64 9039.20 6934.59 16795.43 2770.86 9570.47 17561.89 6763.63 6002.07 11352.54 6134.85 8552.74 8667.76 17219.97 11797.62 6842.71 18343.55 12214.70 7690.96 13877.49 7301.60 5572.65 8378.81 13044.31 7198.41 13833.75 13456.01 6678.69 17606.32 13864.92 6999.58 
3428.83 10052.46 12448.02 16123.26 12398.33 13831.84 7391.80 9323.07 12766.68 5752.17 10421.98 0.00 11966.27 4524.94 17123.54 12842.24 10347.09 1898.60 17630.83 9264.55 16123.26 2679.62 9331.80 5419.47 2590.16 3196.61 15567.29 18170.70 8535.62 2430.73 16628.95 3153.14 19696.26 6032.21 4155.92 3972.11 16123.26 7905.42 3477.17 19087.55 7482.10 2256.97 14973.49 5492.37 16881.25 9447.72 6639.59 7183.46 5003.64 6221.14 9128.01 630.74 4680.16 13350.18 1796.27 5517.56 4569.70 12288.70 5081.85 1770.09 2579.28 4548.53 14263.82 2400.84 3933.16 6891.38 12441.72 3883.51 10326.17 5097.93 3829.59 8280.35 11545.62 4814.98 7618.10 12686.90 4759.95 8280.35 17537.77 3965.34 8280.35 13164.07 5398.49 7618.10 16424.09 6430.08 16676.82 5485.34 6849.59 18847.87 11863.66 2461.19 5333.03 8212.26 2587.84 5555.05 4957.42 3410.56 5880.94 16046.51 3017.47 3773.50 15059.14 3297.49 4807.97 11934.29 3607.96 5443.17 
13395.67 14055.29 5568.55 5003.77 15633.41 13830.75 5616.55 14788.00 5955.79 7239.04 9901.26 11966.27 0.00 10157.96 10873.54 1147.63 11640.89 11234.33 7763.92 10881.93 5003.77 13372.85 11884.20 13381.62 13395.67 11784.31 4638.66 7661.02 12477.35 12246.55 5515.30 9809.73 7868.14 16835.13 14584.12 14138.85 5003.77 18589.73 8977.39 8893.57 18375.96 10319.67 12703.60 12538.78 5040.78 16410.47 17742.10 16628.52 15692.47 17371.04 18890.27 12592.54 13566.67 3828.21 10977.24 16340.34 10795.01 4287.04 16006.86 12637.81 10977.53 15072.18 5268.53 14223.20 15270.68 5141.52 5026.69 14923.33 13772.93 10120.81 14538.49 7819.97 6012.09 15925.57 4499.59 5733.80 16408.13 3698.45 5661.86 13364.19 7819.97 9457.60 17246.43 9379.01 6280.01 15020.09 5360.10 14288.16 17917.38 8775.57 7908.93 13893.91 15023.73 11410.98 13660.35 16121.77 14578.16 10456.38 13939.50 4434.74 13152.51 13502.14 6346.45 12881.63 14223.20 9936.70 12601.48 15310.93 
7912.03 7797.46 14276.00 12120.25 12836.29 15652.00 8777.07 7527.14 14793.00 7889.92 14632.76 4524.94 10157.96 0.00 16286.08 10412.57 14864.77 6083.16 13126.51 13659.23 12120.25 7127.37 13847.22 9927.84 7024.37 1846.02 11615.02 13649.97 13060.56 6933.93 12487.29 6566.13 15670.04 9540.07 4444.97 4000.81 12120.25 10570.73 6112.43 15325.41 10290.36 2652.86 16434.66 10009.15 14441.51 12841.21 9727.95 7022.07 8915.12 9447.56 10506.04 4829.34 9168.83 9494.57 2791.70 9196.17 8747.90 8306.83 8845.53 3447.04 1945.76 8661.80 9966.56 6231.50 7783.46 6870.34 8228.42 7933.16 7909.53 615.34 8046.30 3820.04 7162.52 8551.98 7594.95 8306.83 8075.12 7107.87 14764.41 8464.78 3820.04 17345.56 8236.55 3133.72 16372.90 10664.97 12641.60 9877.56 9868.50 16584.24 7351.13 4403.81 9539.02 4458.73 3996.17 9353.09 4466.80 7342.20 10332.56 14284.56 3206.30 8252.65 10578.81 2831.27 9196.17 7788.21 2477.69 9562.76 
14250.71 8739.85 8912.66 6671.70 4903.93 3335.85 14545.98 9211.51 8450.71 15760.58 9005.10 17123.54 10873.54 16286.08 0.00 10052.26 8319.43 16813.26 4375.76 9772.28 6671.70 14824.80 9281.94 12557.19 14878.55 16248.01 7219.61 4066.08 9868.30 15607.81 6130.75 16991.95 3024.98 11143.09 13853.65 14206.25 6671.70 9218.28 17612.45 2225.48 9642.93 18504.50 2245.57 12829.42 5845.20 7817.14 10492.51 10666.08 12250.18 10917.07 8104.22 16495.79 13144.75 9371.77 17964.83 11681.09 14611.40 10311.35 12124.48 16349.74 17431.14 12780.57 8203.12 14729.02 13252.42 15757.44 9990.49 13371.65 8567.29 15702.42 13520.76 13427.57 10609.27 12374.17 14979.51 9556.06 12367.18 14571.60 5213.21 13830.99 13427.57 6385.25 11731.45 13424.42 5338.92 11113.90 6135.70 12186.45 10280.13 2121.66 9611.16 15151.74 12112.84 11828.54 15261.58 11681.09 13292.73 16051.00 11938.57 6556.06 15383.44 13931.42 7149.20 15392.79 12803.82 8654.72 15367.22 11944.43 
14530.17 13114.26 6114.61 3891.82 14630.39 13204.78 6763.18 13908.27 6424.59 8374.19 10564.97 12842.24 1147.63 10412.57 10052.26 0.00 12207.55 12288.70 6667.35 11662.97 3891.82 14467.37 12602.67 14496.22 14482.37 12166.86 3503.18 6602.40 13286.01 13345.84 4417.83 10900.80 7027.55 17970.91 14833.39 14396.40 3891.82 19040.08 10036.67 7966.98 19187.16 11002.00 12047.42 13651.31 4346.78 16642.52 18859.46 16121.69 16839.85 18514.87 17785.86 13472.96 14709.42 2805.45 11657.07 17487.30 11942.09 3474.02 17152.35 13265.64 11518.36 16217.88 4166.61 15185.41 16365.20 6159.03 4160.40 16040.02 12812.97 10267.60 15668.02 7565.45 5266.56 17060.84 5566.26 4811.34 17474.63 4586.74 4913.40 14510.79 7565.45 9679.60 18237.18 9106.04 5960.34 16058.46 4281.24 15403.28 19002.45 8013.90 7032.05 14506.58 16156.19 10894.45 14204.50 17264.22 14619.57 11582.70 15025.40 3917.44 13564.89 14645.35 5210.85 13231.08 15366.09 8975.97 12889.97 16442.49 
7026.37 13874.92 6105.25 12565.03 8683.89 6463.86 8768.29 13389.56 5783.71 8567.87 1808.70 10347.09 11640.89 14864.77 8319.43 12207.55 0.00 8832.34 12038.83 1574.50 12565.03 7824.10 1017.83 5007.47 7933.79 13374.53 12952.61 11511.71 1840.99 7930.86 12348.25 8673.91 9469.27 6633.52 12087.00 12386.03 12565.03 7008.16 9413.05 9806.50 6985.75 12309.51 6743.12 4856.35 9822.83 4858.98 6988.72 11687.01 6673.33 7014.08 8567.48 10097.96 5788.03 14533.45 12078.19 6697.12 6302.06 15584.92 6880.36 11661.42 12921.93 6684.23 14778.50 8985.27 7666.57 11030.30 16090.67 7378.83 14041.36 15445.01 7138.50 18206.38 17337.26 7139.14 10735.27 16395.54 7884.36 12158.60 9791.19 6463.53 18206.38 3113.46 8203.47 17942.84 7572.15 4795.05 12135.20 5252.80 6981.99 8579.17 17813.71 11107.15 5811.35 16927.49 11550.43 6444.51 12709.23 7746.30 4726.19 9484.03 12436.82 6697.12 14474.99 12879.89 5897.49 16748.54 13322.83 5897.49 
2634.05 11853.24 10618.97 16123.26 13105.38 13634.12 5992.96 11074.21 10906.71 4273.38 8646.48 1898.60 11234.33 6083.16 16813.26 12288.70 8832.34 0.00 18798.51 7579.93 16123.26 2234.40 7820.89 4261.64 2224.32 5024.80 15634.09 18891.01 7118.36 1239.80 16674.49 1517.29 17806.33 6087.65 5915.04 5790.90 16123.26 8228.42 2256.97 18619.63 7783.64 3477.17 14618.59 4065.78 15542.43 9144.53 6894.09 8722.39 4874.27 6449.31 9905.54 2135.85 3672.69 13670.89 3310.51 5517.56 2724.63 12842.24 5081.85 3665.84 4201.86 4271.82 14971.33 3090.08 4091.12 6132.68 13214.00 3828.99 12143.32 6691.10 3556.79 9593.11 12595.29 4889.44 6735.37 13660.46 5187.56 7783.64 16147.44 3000.21 9593.11 11416.03 6012.82 9215.28 14571.24 5737.22 16565.79 4644.43 7116.48 17313.92 13369.50 4164.68 4807.97 10071.32 4385.78 5443.17 6757.83 1515.84 4874.78 14638.51 4905.36 2928.37 16065.09 5195.88 4055.17 13754.52 5502.46 5012.91 
18597.61 8425.73 9257.59 2779.87 8012.88 7595.41 13224.05 9271.65 9058.27 14933.60 11938.25 17630.83 7763.92 13126.51 4375.76 6667.35 12038.83 18798.51 0.00 13127.42 2779.87 18893.40 13056.16 16855.73 18864.74 14464.60 3229.72 563.07 13830.02 19968.09 2250.33 17568.00 2617.64 15090.35 14249.80 14268.19 2779.87 12921.84 16668.51 2325.34 13365.37 15595.31 6595.40 16893.98 4003.91 12087.13 14252.07 11811.31 16318.26 14695.18 11131.76 17739.53 17509.15 5130.39 15906.76 15661.86 17567.79 5962.06 16088.26 16059.36 15068.48 16934.47 3836.85 17619.18 16994.56 12780.18 5614.83 17311.35 8109.21 12542.62 17628.57 9444.39 6308.65 16256.89 12231.01 5210.79 15855.46 11086.99 3505.46 18206.12 9444.39 9221.94 14989.83 10016.10 5488.74 15482.16 2409.10 16562.21 14030.45 3463.66 5776.13 15958.14 16423.66 9539.57 15630.05 15755.99 13374.65 18121.79 16289.67 4890.31 14928.69 18298.43 2787.55 14561.40 17169.31 5798.81 14185.95 16216.71 
6188.98 14993.35 5653.01 13009.81 10146.12 8034.65 7283.29 14348.36 5470.38 6995.73 1334.34 9264.55 10881.93 13659.23 9772.28 11662.97 1574.50 7579.93 13127.42 0.00 13009.81 6972.13 1068.81 4284.26 7086.85 12433.79 13278.04 12572.06 1625.50 6840.77 12930.04 7226.55 10509.81 6783.26 11786.66 11993.00 13009.81 7710.29 7905.33 11039.79 7579.93 11019.93 8305.29 3878.24 10239.07 5894.32 7354.40 12200.66 6472.86 7260.79 9551.67 9127.86 5051.00 14328.73 10887.78 6684.88 4923.87 15132.51 6747.56 10782.73 11771.80 6304.78 15064.41 8336.42 7279.93 9512.30 15815.75 6914.36 15219.86 14269.86 6584.90 16638.91 16894.02 6958.29 9276.04 16388.58 7782.84 10757.88 10360.77 5634.86 16638.91 3906.78 8304.22 16777.77 8083.43 4723.10 12683.09 4802.56 7406.13 9750.38 18543.29 10487.50 5520.25 17010.92 10910.85 6403.66 12547.06 6353.89 4240.21 9708.95 11756.09 5895.15 15161.18 12177.51 5344.88 18322.41 12597.77 5686.46 
18347.16 10341.13 7783.64 0.00 10785.91 10007.54 10563.52 11230.69 7783.64 12231.44 11675.47 16123.26 5003.77 12120.25 6671.70 3891.82 12565.03 16123.26 2779.87 13009.81 0.00 18347.16 13454.59 17235.21 18347.16 13899.37 555.97 2779.87 14344.15 17235.21 555.97 14788.93 3891.82 17791.19 15233.70 15011.32 nan 15678.48 13899.37 4447.80 16123.26 13899.37 8895.59 16568.04 2779.87 14455.34 17012.82 13899.37 18903.14 17457.60 13899.37 16679.24 17902.38 2779.87 14455.34 18347.16 15567.29 3891.82 18791.94 15567.29 13899.37 19236.72 2223.90 18347.16 19681.50 10007.54 3891.82 19903.89 10007.54 11675.47 19459.11 8339.62 5003.77 19014.33 9451.57 3891.82 18569.55 8339.62 2779.87 18124.77 8339.62 9451.57 17679.99 9451.57 5003.77 17235.21 555.97 17791.19 16790.43 5003.77 5559.75 16345.65 18347.16 10007.54 15900.87 18347.16 14455.34 15456.09 17235.21 3335.85 15011.32 18347.16 2223.90 14566.54 18347.16 6671.70 14121.76 18347.16 
798.35 10745.59 11470.28 18347.16 10897.10 11516.04 7888.76 9873.75 11598.84 6188.71 8253.92 2679.62 13372.85 7127.37 14824.80 14467.37 7824.10 2234.40 18893.40 6972.13 18347.16 0.00 6831.28 2818.39 115.10 5552.72 17868.47 18864.74 5984.33 1127.12 18885.20 3566.89 17214.98 3853.57 5146.86 5217.32 18347.16 5999.64 4447.80 17025.73 5555.05 4919.09 12579.24 3095.11 16801.05 7014.18 4665.93 7261.83 2647.52 4221.42 7761.79 2298.02 2045.26 15827.33 4472.89 3284.01 3203.55 14875.79 2847.48 3847.47 5203.81 2064.84 16926.35 1552.09 1899.22 8339.62 15101.21 1598.67 11072.41 7664.09 1332.71 10930.39 14223.20 2659.03 8901.94 15366.09 3038.60 10013.60 17169.31 1362.26 10930.39 10831.43 3907.84 10118.75 14966.74 3778.78 18723.80 2805.75 4888.20 16168.55 14331.73 3575.88 2722.12 10179.93 3973.44 3219.65 6014.98 2974.05 3214.04 15970.98 4790.47 1129.42 17705.86 5206.43 2129.73 13847.81 5625.83 2880.51 
6032.93 13936.36 6513.05 13454.59 9132.49 7185.67 8292.90 13319.13 6267.86 7866.00 2049.88 9331.80 11884.20 13847.22 9281.94 12602.67 1017.83 7820.89 13056.16 1068.81 13454.59 6831.28 0.00 4022.77 6942.25 12383.80 13802.83 12527.44 889.56 6913.47 13279.10 7720.92 10480.99 5994.64 11284.09 11549.13 13454.59 6716.25 8501.35 10821.57 6618.09 11297.43 7590.69 3839.88 10683.54 4829.07 6475.14 11297.43 5868.97 6431.75 8501.35 9093.47 4806.52 15155.58 11060.38 5977.22 5329.64 16072.37 6107.00 10676.53 11905.10 5810.86 15633.59 8043.27 6798.90 10483.95 16697.84 6482.17 14156.08 14429.42 6212.26 17311.91 17869.23 6347.50 10293.62 17155.43 7134.06 11796.20 10703.29 5469.08 17311.91 4038.10 7553.28 16940.85 8451.42 4022.77 13054.66 4340.67 6503.96 9596.99 18831.53 10184.72 4961.52 16377.93 10624.53 5708.42 11970.08 6771.62 3796.30 10267.57 11503.88 5708.42 15447.66 11943.32 4961.52 17432.19 12382.53 5080.37 
2022.68 12184.35 9490.14 17235.21 9995.54 9539.57 7929.15 11310.26 9461.23 6564.40 5611.15 5419.47 13381.62 9927.84 12557.19 14496.22 5007.47 4261.64 16855.73 4284.26 17235.21 2818.39 4022.77 0.00 2927.15 8367.16 17376.51 16398.51 3166.79 3119.79 17212.37 4851.41 14431.86 3483.90 7531.14 7714.47 17235.21 5430.88 5832.31 14530.47 5064.71 7568.64 10414.00 845.10 14506.13 5267.69 4366.25 8685.11 2584.52 4040.06 7568.64 5106.78 784.33 17096.27 7206.63 3086.05 2838.64 16787.90 2921.58 6655.62 7989.43 2185.40 18640.94 4060.67 3085.22 9309.28 17350.54 2679.48 12511.77 10476.34 2314.07 13697.08 16855.40 3024.90 9593.11 17905.95 3860.41 11055.08 14643.95 1464.00 13697.08 8049.14 4616.48 12935.70 12366.54 1848.25 16961.11 907.20 4535.77 13451.05 17112.65 6214.89 1689.92 12750.89 6645.58 2818.39 8331.49 3853.02 703.24 13899.62 7509.98 1689.92 19444.82 7943.28 1127.12 16093.06 8377.11 1965.86 
909.79 10654.48 11572.71 18347.16 10893.08 11562.35 7934.14 9784.69 11705.23 6229.10 8368.99 2590.16 13395.67 7024.37 14878.55 14482.37 7933.79 2224.32 18864.74 7086.85 18347.16 115.10 6942.25 2927.15 0.00 5442.14 17852.00 18893.40 6093.64 1160.32 18895.11 3586.16 17312.08 3870.28 5037.51 5105.03 18347.16 6004.33 4452.91 17087.62 5559.56 4835.32 12633.36 3210.02 16903.10 7063.53 4670.02 7179.81 2675.07 4225.25 7740.89 2195.44 2151.89 15778.55 4380.75 3302.63 3294.75 14810.34 2863.14 3735.56 5104.00 2105.29 16846.52 1448.81 1882.99 8343.78 15021.41 1605.03 10980.54 7558.55 1367.59 10830.40 14129.50 2665.20 8916.12 15273.78 3012.90 10007.79 17279.55 1473.75 10830.40 10944.66 3875.19 10009.09 15080.95 3855.63 18754.85 2896.49 4892.40 16257.71 14219.25 3461.62 2788.02 10065.09 3858.58 3248.42 5906.52 3022.74 3313.22 16066.89 4675.41 1237.35 17601.40 5091.54 2217.89 13734.79 5511.21 2937.81 
6351.04 7553.51 14867.46 13899.37 11773.87 14329.29 9234.04 7038.98 15319.50 7955.24 13617.47 3196.61 11784.31 1846.02 16248.01 12166.86 13374.53 5024.80 14464.60 12433.79 13899.37 5552.72 12383.80 8367.16 5442.14 0.00 13413.98 15022.84 11533.59 5597.47 14222.43 5938.97 17078.97 7694.19 2824.86 2388.59 13899.37 8802.64 5807.08 16323.49 8496.73 2271.12 15351.77 8591.34 16286.65 11015.71 7897.88 5807.08 7101.71 7606.96 9013.98 3311.45 7586.69 11329.98 1928.91 7357.12 7743.38 10138.35 7015.82 1716.55 1183.27 6891.34 11703.56 4473.61 5979.90 7755.36 10018.93 6163.27 7755.36 2226.14 6320.34 5559.75 8900.73 6722.97 8534.80 10029.86 6229.35 8416.35 16599.07 6914.78 5559.75 16340.38 6407.45 4569.30 18059.32 8895.59 14399.91 8192.25 8045.67 17626.50 8786.89 2559.10 7778.17 5048.27 2150.57 7521.66 3116.66 6477.18 8685.11 16077.73 1398.39 6677.88 12177.72 1100.07 7521.66 8744.03 926.17 7778.17 
18033.32 10388.26 7888.58 555.97 11240.15 10555.05 10243.48 11274.40 7935.54 11876.59 11948.25 15567.29 4638.66 11615.02 7219.61 3503.18 12952.61 15634.09 3229.72 13278.04 555.97 17868.47 13802.83 17376.51 17852.00 13413.98 0.00 3284.33 14689.17 16790.74 1089.57 14354.43 4445.91 18307.64 14937.36 14677.19 555.97 16151.54 13438.79 4994.49 16594.87 13345.39 9447.48 16624.54 3129.91 15010.49 17480.16 13930.84 19458.94 17921.56 14283.36 16125.11 17928.55 2226.51 13905.76 18875.28 15352.75 3352.14 19314.23 15058.78 13366.36 19561.79 1831.75 17819.27 19392.37 9552.31 3395.05 19438.70 10055.94 11187.84 19163.73 7859.95 4545.45 19465.87 9026.78 3461.96 18753.73 7859.95 3218.86 17956.32 7859.95 9845.51 17904.85 9026.78 5381.34 17701.02 1110.89 18076.38 17259.08 5557.80 5272.12 15905.97 18762.28 9738.26 15462.96 18899.99 14204.41 15083.60 17514.97 3569.46 14576.22 18127.11 2126.10 14132.61 18498.03 6560.22 13688.87 18828.10 
18298.43 8878.99 8764.56 2779.87 8033.36 7356.88 12986.44 9708.59 8545.94 14709.03 11376.38 18170.70 7661.02 13649.97 4066.08 6602.40 11511.71 18891.01 563.07 12572.06 2779.87 18864.74 12527.44 16398.51 18893.40 15022.84 3284.33 0.00 13317.50 19405.25 2225.57 17437.41 2064.11 15024.00 14753.46 14792.83 2779.87 12901.20 16636.56 1909.88 13345.84 16060.06 6308.91 16367.07 3579.79 11860.83 14235.08 12193.28 16219.73 14679.67 11229.28 18302.46 17100.34 5330.52 16414.16 15591.03 17040.17 6245.96 16031.21 16622.26 15595.31 16800.34 4150.73 17963.87 17045.81 12758.53 5962.06 17292.61 8568.53 13073.26 17532.36 9929.57 6734.50 16234.92 12158.43 5614.83 15951.03 11115.87 3040.01 17816.95 9929.57 8665.53 15120.24 10553.01 4949.07 15166.49 2325.92 16206.22 14012.77 2955.94 6307.04 16480.75 16178.28 10101.51 16168.31 15646.83 13881.41 17782.41 15878.71 4479.88 15484.44 17963.87 3196.54 15121.38 16851.73 6360.44 14748.19 16001.97 
5187.11 13460.52 7265.71 14344.15 9087.42 7464.99 8363.32 12764.45 7057.90 7698.25 2842.04 8535.62 12477.35 13060.56 9868.30 13286.01 1840.99 7118.36 13830.02 1625.50 14344.15 5984.33 889.56 3166.79 6093.64 11533.59 14689.17 13317.50 0.00 6140.72 14164.20 7181.36 11292.44 5185.77 10400.91 10661.32 14344.15 6112.42 8029.71 11551.04 5964.05 10576.47 8015.84 3070.84 11572.48 4479.89 5730.77 10576.47 4993.06 5648.77 8029.71 8264.14 3947.03 15943.00 10292.94 5130.68 4776.68 16749.71 5239.84 9820.52 11114.88 4922.10 16518.41 7161.87 5910.20 10439.40 17441.24 5592.71 13714.16 13626.11 5325.92 16708.01 18464.02 5474.01 10357.16 17988.59 6271.34 11903.59 11590.84 4624.99 16708.01 4919.54 6728.44 16102.47 9340.91 3166.79 13941.89 3451.55 5780.68 10367.21 19404.45 9299.17 4076.72 15535.89 9739.85 4856.65 11099.28 6193.84 2909.18 11145.10 10621.25 4856.65 16314.97 11061.89 4076.72 17358.77 11502.43 4202.99 
1395.33 11623.91 10718.81 17235.21 11998.36 12394.79 6776.74 10776.57 10916.20 5069.18 8029.87 2430.73 12246.55 6933.93 15607.81 13345.84 7930.86 1239.80 19968.09 6840.77 17235.21 1127.12 6913.47 3119.79 1160.32 5597.47 16790.74 19405.25 6140.72 0.00 17761.40 2446.29 17350.54 4916.67 5805.38 5789.01 17235.21 7087.80 3352.60 17649.70 6644.57 4461.81 13390.81 3076.04 15977.62 7905.34 5758.54 8232.35 3687.14 5315.82 8887.07 2322.20 2470.96 14904.03 4152.98 4345.23 2406.05 14079.63 3920.39 4002.36 4992.25 3068.73 16206.22 2424.57 3024.37 7238.97 14431.86 2702.32 11940.97 7518.21 2379.23 10613.39 13744.41 3754.88 7783.64 14840.31 4165.72 8935.69 16472.34 1776.84 10613.39 10746.22 5033.57 10045.02 14482.70 4504.37 17598.23 3421.62 5979.98 16506.66 14284.51 4099.08 3569.43 10521.86 4428.63 4247.97 6680.72 1874.02 3689.39 15092.78 5131.86 1689.92 17262.79 5499.71 2818.39 14262.53 5875.57 3778.78 
18723.80 10079.38 7916.88 555.97 10241.98 9465.85 11034.24 10966.28 7869.54 12720.19 11601.41 16628.95 5515.30 12487.29 6130.75 4417.83 12348.25 16674.49 2250.33 12930.04 555.97 18885.20 13279.10 17212.37 18895.11 14222.43 1089.57 2225.57 14164.20 17761.40 0.00 15318.44 3409.67 17236.31 15275.52 15103.18 555.97 15126.26 14442.38 3905.40 15570.98 14386.15 8361.54 16653.56 2715.72 13930.74 16460.40 13625.74 18379.68 16905.08 13381.70 17159.29 17957.58 3280.49 14920.55 17795.28 15929.56 4352.31 18239.71 15921.89 14317.66 18843.55 2523.37 18690.87 19244.17 10551.34 4281.24 19501.86 9746.79 12013.39 19485.03 8678.04 5330.30 18458.58 9983.37 4193.96 18096.64 8891.53 2581.82 18362.45 8678.04 9245.35 17216.81 9705.40 4854.67 16871.16 268.68 17598.24 16238.05 4518.83 5675.63 16566.34 17997.97 10065.59 16126.12 17811.85 14454.38 15945.00 17072.23 3396.71 15243.44 18620.51 2232.45 14801.36 18240.63 6588.96 14358.96 17934.67 
3735.24 13202.61 9302.96 14788.93 14432.40 14377.42 4476.06 12473.81 9643.01 2756.10 8071.79 3153.14 9809.73 6566.13 16991.95 10900.80 8673.91 1517.29 17568.00 7226.55 14788.93 3566.89 7720.92 4851.41 3586.16 5938.97 14354.43 17437.41 7181.36 2446.29 15318.44 0.00 16544.80 7334.62 7300.93 7124.96 14788.93 9518.10 988.46 17680.42 9076.96 3939.92 15151.32 4379.17 14037.19 10065.23 8194.97 10214.27 6098.48 7754.19 11327.04 3544.36 4469.06 12626.16 4036.28 6765.42 2405.48 11990.23 6350.60 4876.26 4909.74 5467.21 14086.87 4599.45 5465.93 4807.32 12500.43 5147.99 13470.26 7177.96 4810.47 9592.50 12157.20 6196.91 5337.36 13083.72 6598.46 6529.62 14654.80 3926.70 9592.50 10792.78 7452.26 9579.89 13279.36 6580.18 15169.79 5466.25 8415.42 16455.34 13392.48 5573.44 5829.64 10899.52 5738.07 6644.41 8110.53 1019.15 5541.00 13136.19 6127.61 3950.71 15301.84 6348.44 4997.96 14337.78 6584.08 6075.29 
16442.49 10280.76 7248.41 3891.82 7822.52 6266.49 12333.92 11007.44 6929.83 13961.70 9332.43 19696.26 7868.14 15670.04 3024.98 7027.55 9469.27 17806.33 2617.64 10509.81 3891.82 17214.98 10480.99 14431.86 17312.08 17078.97 4445.91 2064.11 11292.44 17350.54 3409.67 16544.80 0.00 14032.25 16171.38 16360.41 3891.82 12223.96 16242.81 1213.59 12639.87 17791.19 5114.04 14314.45 2899.43 10590.87 13465.93 13123.71 15013.50 13875.08 11081.90 19459.11 15185.68 6671.70 18321.02 14530.17 15155.53 7761.92 14958.84 18557.99 17607.21 15434.77 5835.38 17686.43 16110.81 12905.80 7648.60 16121.88 10007.54 15111.57 16137.06 11882.81 8587.03 15233.77 12167.98 7441.20 15349.50 11563.63 2245.77 15893.89 11882.81 6604.49 14753.10 12606.15 3272.19 13511.77 3335.85 14419.64 13260.28 1111.95 8358.02 17851.64 14622.61 12087.74 17740.91 14474.12 15374.38 16292.05 14001.15 3710.69 17313.92 16099.63 5100.74 17026.93 15101.21 8357.70 16707.23 14530.17 
3606.65 8801.97 12433.67 17791.19 7098.96 7812.17 11249.77 7960.15 12243.60 9696.28 8024.58 6032.21 16835.13 9540.07 11143.09 17970.91 6633.52 6087.65 15090.35 6783.26 17791.19 3853.57 5994.64 3483.90 3870.28 7694.19 18307.64 15024.00 5185.77 4916.67 17236.31 7334.62 14032.25 0.00 5560.14 5925.29 17791.19 2188.77 8267.93 13359.14 1754.46 8179.30 8943.18 4328.79 16042.43 3462.98 915.49 5474.84 1236.47 557.47 4196.48 5435.77 3270.90 18863.14 7574.43 571.52 6053.94 17725.51 1007.21 6207.61 7983.85 1870.97 17858.82 3655.47 2109.44 12141.84 17304.77 2271.31 9118.38 9866.40 2538.50 13052.49 16059.36 1232.89 12629.23 16854.50 1465.12 13852.28 15701.14 3532.85 13052.49 9577.42 1570.18 11666.00 13901.62 2093.81 17274.32 2579.16 1118.02 12935.21 14662.97 5137.12 1814.75 10386.15 5545.82 723.14 6091.89 6546.96 2995.44 15999.22 6374.02 3434.58 16847.67 6792.07 2615.22 12902.26 7212.05 1528.71 
5825.39 5938.24 16509.00 15233.70 9060.34 11507.44 11442.85 5174.16 16719.52 9877.11 13121.00 4155.92 14584.12 4444.97 13853.65 14833.39 12087.00 5915.04 14249.80 11786.66 15233.70 5146.86 11284.09 7531.14 5037.51 2824.86 14937.36 14753.46 10400.91 5805.38 15275.52 7300.93 16171.38 5560.14 0.00 445.54 15233.70 6156.14 7587.41 14974.17 5915.04 4700.79 12556.01 8087.57 17991.09 8509.84 5485.75 3191.71 5421.58 5302.26 6189.29 3781.51 6797.07 13325.11 4111.54 5408.86 8209.68 12165.71 5206.64 2576.26 3791.69 5494.70 13110.80 3611.23 4511.40 10386.46 11806.67 4872.80 6231.01 4566.31 5217.11 7515.78 10565.47 4949.99 11171.74 11545.15 4211.87 11220.82 17711.72 6322.82 7515.78 15128.52 4046.56 6107.07 19137.63 7293.57 15533.89 6992.84 5585.74 15849.43 9678.53 1752.45 6324.29 5227.07 1570.53 5650.30 876.18 7393.21 7553.72 18455.10 1556.41 6052.95 13052.63 1727.08 6444.26 8730.26 1982.79 6206.54 
5930.91 6081.72 16409.10 15011.32 9457.84 11940.97 11156.05 5358.63 16681.92 9633.39 13324.29 3972.11 14138.85 4000.81 14206.25 14396.40 12386.03 5790.90 14268.19 11993.00 15011.32 5217.32 11549.13 7714.47 5105.03 2388.59 14677.19 14792.83 10661.32 5789.01 15103.18 7124.96 16360.41 5925.29 445.54 0.00 15011.32 6592.39 7346.93 15188.95 6343.88 4328.96 12979.24 8225.73 17791.19 8935.51 5891.39 3543.23 5712.88 5691.45 6626.27 3658.17 6962.67 12972.52 3760.52 5743.58 8193.03 11801.16 5516.53 2304.32 3386.57 5740.01 12845.47 3715.19 4752.04 10007.54 11472.93 5089.35 6360.60 4132.55 5408.10 7133.22 10239.55 5250.56 10793.31 11248.15 4544.43 10796.27 17631.33 6448.52 7133.22 15462.25 4435.99 5756.84 19543.43 7592.75 15353.33 7226.63 5998.33 16148.23 9453.68 1689.96 6590.20 5038.58 1405.40 5975.17 989.41 7290.97 7783.64 18105.67 1177.71 6179.29 12870.88 1296.03 6651.22 8632.03 1537.39 6489.79 
18347.16 10341.13 7783.64 nan 10785.91 10007.54 10563.52 11230.69 7783.64 12231.44 11675.47 16123.26 5003.77 12120.25 6671.70 3891.82 12565.03 16123.26 2779.87 13009.81 nan 18347.16 13454.59 17235.21 18347.16 13899.37 555.97 2779.87 14344.15 17235.21 555.97 14788.93 3891.82 17791.19 15233.70 15011.32 0.00 15678.48 13899.37 4447.80 16123.26 13899.37 8895.59 16568.04 2779.87 14455.34 17012.82 13899.37 18903.14 17457.60 13899.37 16679.24 17902.38 2779.87 14455.34 18347.16 15567.29 3891.82 18791.94 15567.29 13899.37 19236.72 2223.90 18347.16 19681.50 10007.54 3891.82 19903.89 10007.54 11675.47 19459.11 8339.62 5003.77 19014.33 9451.57 3891.82 18569.55 8339.62 2779.87 18124.77 8339.62 9451.57 17679.99 9451.57 5003.77 17235.21 555.97 17791.19 16790.43 5003.77 5559.75 16345.65 18347.16 10007.54 15900.87 18347.16 14455.34 15456.09 17235.21 3335.85 15011.32 18347.16 2223.90 14566.54 18347.16 6671.70 14121.76 18347.16 
5795.05 7377.83 13110.81 15678.48 4914.34 5976.27 13346.74 6652.42 12761.00 11857.38 8717.28 7905.42 18589.73 10570.73 9218.28 19040.08 7008.16 8228.42 12921.84 7710.29 15678.48 5999.64 6716.25 5430.88 6004.33 8802.64 16151.54 12901.20 6112.42 7087.80 15126.26 9518.10 12223.96 2188.77 6156.14 6592.39 15678.48 0.00 10439.80 11374.05 444.78 9857.99 7136.52 6256.88 14781.57 2413.79 1334.34 4686.43 3424.17 1779.12 2148.08 7279.20 5374.98 17485.34 9209.80 2754.32 8163.30 17150.27 3168.54 7638.72 9406.66 4059.59 15956.88 5514.92 4152.84 14324.54 16404.21 4401.17 7654.73 10722.21 4710.15 13380.82 15425.49 3340.62 14816.30 15683.49 3155.53 16012.07 14249.81 5706.95 13380.82 9404.41 2551.99 11829.89 13086.02 3685.26 15214.17 4541.49 1111.95 11193.04 13527.17 6414.52 3887.94 9937.57 6736.82 2898.46 6361.50 8734.14 4817.15 15149.28 7404.34 5620.18 14787.72 7747.07 4733.40 11481.06 8094.38 3605.55 
4688.41 13312.54 9182.51 13899.37 15344.90 15337.85 3917.73 12681.01 9579.76 2289.76 8611.25 3477.17 8977.39 6112.43 17612.45 10036.67 9413.05 2256.97 16668.51 7905.33 13899.37 4447.80 8501.35 5832.31 4452.91 5807.08 13438.79 16636.56 8029.71 3352.60 14442.38 988.46 16242.81 8267.93 7587.41 7346.93 13899.37 10439.80 0.00 17455.96 9996.15 3618.31 16043.21 5330.32 13490.31 11053.69 9108.88 10660.61 7035.32 8665.27 12162.46 3987.08 5457.19 11647.93 3881.52 7696.74 3275.77 11002.00 7272.98 5043.75 4680.08 6409.88 13099.39 5307.65 6333.60 3891.82 11518.36 6044.65 13540.43 6706.15 5731.73 8815.98 11216.34 7102.67 4478.49 12114.10 7442.17 5584.75 14135.91 4906.10 8815.98 11236.43 8269.55 8975.94 13096.88 7568.64 14317.66 6454.65 9330.69 16471.86 12564.03 5935.53 6806.83 10553.73 6021.16 7589.97 8333.66 1982.30 6524.77 12612.97 6255.29 4919.09 14313.39 6401.20 5980.38 13737.16 6564.44 7047.85 
16389.12 9132.98 8388.10 4447.80 6748.81 5560.56 13546.79 9830.71 8038.70 15171.97 9982.86 19087.55 8893.57 15325.41 2225.48 7966.98 9806.50 18619.63 2325.34 11039.79 4447.80 17025.73 10821.57 14530.47 17087.62 16323.49 4994.49 1909.88 11551.04 17649.70 3905.40 17680.42 1213.59 13359.14 14974.17 15188.95 4447.80 11374.05 17455.96 0.00 11808.33 17902.58 4463.06 14620.31 4048.89 10038.07 12675.48 11910.38 14475.65 13108.04 10025.78 18513.62 15202.10 7153.49 18098.96 13902.52 15911.37 8128.41 14346.60 17467.17 17204.99 15000.61 6053.94 16875.68 15465.93 14006.08 7870.13 15596.86 8872.76 14718.67 15740.21 11751.46 8628.82 14591.79 13294.14 7518.59 14528.55 12551.61 3392.83 15914.50 11751.46 7212.05 13825.48 12192.13 4419.07 13264.60 3915.86 14296.35 12458.91 1320.80 8013.21 16638.06 14303.71 11281.50 16544.23 13906.46 14199.59 17228.60 13979.08 4893.64 16219.40 16054.04 5095.38 15999.60 14944.88 7636.74 15749.17 14150.00 
5357.84 7583.20 13085.26 16123.26 5355.90 6380.96 12956.11 6823.34 12766.68 11440.45 8646.48 7482.10 18375.96 10290.36 9642.93 19187.16 6985.75 7783.64 13365.37 7579.93 16123.26 5555.05 6618.09 5064.71 5559.56 8496.73 16594.87 13345.84 5964.05 6644.57 15570.98 9076.96 12639.87 1754.46 5915.04 6343.88 16123.26 444.78 9996.15 11808.33 0.00 9465.54 7539.89 5898.93 15140.30 2597.45 889.56 4706.31 2987.14 1334.34 2505.16 6857.87 4971.72 17815.10 8821.60 2316.29 7762.92 17316.38 2726.50 7273.86 9052.06 3623.35 16324.38 5086.94 3709.28 13882.41 16599.64 3956.52 7871.77 10475.18 4267.75 13262.97 15540.72 2896.03 14383.48 15910.64 2725.25 15567.29 14629.49 5281.98 13262.97 9519.72 2166.09 11728.31 13356.93 3366.55 15657.66 4166.61 667.17 11597.61 13714.25 6064.42 3486.28 9943.77 6402.44 2469.99 6183.45 8301.36 4472.65 15451.83 7101.29 5188.86 15180.39 7459.57 4324.89 11711.95 7822.34 3201.33 
5636.99 9816.27 12597.38 13899.37 13740.15 15823.21 6976.52 9308.88 13048.87 5693.10 11984.73 2256.97 10319.67 2652.86 18504.50 11002.00 12309.51 3477.17 15595.31 11019.93 13899.37 4919.09 11297.43 7568.64 4835.32 2271.12 13345.39 16060.06 10576.47 4461.81 14386.15 3939.92 17791.19 8179.30 4700.79 4328.96 13899.37 9857.99 3618.31 17902.58 9465.54 0.00 16980.33 7507.22 15337.46 11635.22 8682.87 7871.77 7225.23 8293.56 10660.61 2779.87 6866.41 11119.49 658.32 7696.74 6099.47 10036.67 7272.98 2324.56 1092.37 6797.18 12012.20 4528.59 6121.83 5685.79 10188.09 6116.40 10007.54 3268.19 6084.25 6153.92 9331.92 6994.20 6470.96 10462.78 6810.61 6673.95 15914.38 6148.24 6153.92 14729.18 7306.19 5759.43 16157.71 8685.11 14455.34 7719.13 8878.12 18903.14 9895.13 3576.81 7589.97 6976.12 3388.01 7761.79 5222.30 4689.33 8084.30 14739.27 3152.48 5980.38 12867.90 3116.58 7047.85 10438.36 3138.72 7696.74 
12017.40 8754.69 9319.26 8895.59 3631.60 1160.42 14698.86 8933.04 8801.43 15175.38 7886.94 14973.49 12703.60 16434.66 2245.57 12047.42 6743.12 14618.59 6595.40 8305.29 8895.59 12579.24 7590.69 10414.00 12633.36 15351.77 9447.48 6308.91 8015.84 13390.81 8361.54 15151.32 5114.04 8943.18 12556.01 12979.24 8895.59 7136.52 16043.21 4463.06 7539.89 16980.33 0.00 10788.67 7710.60 5575.01 8352.74 9573.19 10018.15 8761.33 6402.82 14366.37 10950.11 11615.55 16323.84 9467.43 12771.89 12549.96 9908.00 14683.95 16321.09 10537.99 10431.77 12579.24 11048.70 16724.22 12195.99 11142.45 8693.77 16072.13 11277.93 15080.64 12703.60 10166.79 15997.30 11710.22 10236.15 16253.30 7134.20 11618.97 15080.64 5754.00 9687.07 14548.73 6581.65 8886.77 8351.99 9974.18 8148.90 4057.78 11414.79 13427.83 9869.37 12414.77 13663.65 9452.56 12249.91 14135.81 9765.30 8269.02 14089.05 11704.47 9339.36 14274.72 10575.10 10022.36 14439.64 9698.91 
