114
0.00 7787.52 17722.88 6667.76 7435.19 17935.30 817.87 13207.05 12840.88 7322.72 12763.53 8708.90 4151.50 9288.12 6927.52 6681.24 9200.58 4782.49 3553.11 8601.28 14320.90 17689.75 8801.70 5044.98 5916.90 8449.39 4133.58 9922.14 4564.36 16473.00 4324.08 5012.60 2569.12 10294.55 4779.66 3649.55 9391.14 4571.82 15986.42 4613.08 8286.42 13732.34 15871.36 4191.43 15643.68 9800.69 2444.47 7448.16 6919.94 2633.37 5335.87 4679.72 2876.14 3313.50 4325.74 3160.35 2341.17 5184.38 5013.51 13592.01 5229.02 4784.79 13534.38 5993.49 4692.51 8323.68 11138.58 4368.38 4572.29 14831.84 4799.47 4973.64 13073.83 5102.20 3167.26 10891.39 5420.37 1273.62 8579.12 5751.28 1038.46 10048.34 2445.90 14002.82 4960.06 2135.83 14163.83 9481.02 7579.26 3033.71 14901.50 8015.06 5593.70 14351.24 6957.64 12871.12 11944.95 7292.55 12836.45 9257.11 7633.42 13311.05 6490.08 7979.20 14226.38 16996.74 10080.98 10381.09 2733.05 10634.91 12203.77 10575.70 11071.62 7897.30 
7787.52 0.00 13180.84 10580.06 444.78 10296.40 8209.31 12334.90 19236.72 8382.35 12270.68 13349.40 8632.89 17069.50 9793.21 10013.58 5326.01 11184.55 9608.53 16311.13 8730.51 10309.85 16181.36 11284.57 9570.26 15743.52 9622.24 9087.78 4034.92 8729.89 11055.00 12796.65 8957.11 11666.55 12562.26 7798.39 12182.89 5357.83 12568.73 12030.03 10741.91 11851.90 8103.02 6236.54 8391.17 6658.96 9962.19 15230.70 7527.26 9917.28 12708.34 9317.60 9872.80 9845.87 11589.36 9828.97 6947.28 12888.46 8894.25 8420.00 7943.58 9175.84 10320.99 13705.65 9991.25 15233.70 16467.29 9568.21 12277.85 13107.43 9440.29 5938.45 16054.93 9255.85 5938.45 18012.44 9074.47 7048.79 16256.60 8896.93 8782.38 2284.41 9496.99 10186.12 4706.90 9470.37 8830.53 16783.26 10304.57 7526.73 16561.81 10389.31 2348.21 17699.21 13770.61 8391.17 18444.04 14212.82 9613.57 15337.38 14654.73 11009.78 12102.43 15096.26 12257.49 14874.21 14014.69 2594.99 5315.47 13822.97 17897.71 15154.37 14045.63 7052.35 
17722.88 13180.84 0.00 14732.10 13606.49 3219.65 16905.19 8584.43 6090.47 10794.90 9006.78 9045.80 13697.28 9673.93 14801.01 14931.45 13034.96 15530.21 17128.49 10505.94 4963.92 3008.80 10641.26 15362.69 15705.29 11066.03 16879.43 12240.13 17100.56 4752.84 13480.44 13592.14 17890.96 7496.62 13949.67 18270.67 8341.98 17630.75 5931.92 13458.05 13366.28 4206.34 5708.64 18114.27 4792.20 12503.43 16698.93 11298.21 15309.20 16858.45 12768.02 16734.08 16965.90 14419.87 15256.28 17015.64 15900.28 13825.94 16687.60 5559.75 16833.26 16732.19 4809.91 13034.10 16352.35 11453.16 6921.81 16787.93 13768.81 2932.59 16589.93 17325.36 4886.71 16462.84 18964.04 7629.97 16291.68 18964.04 10575.34 16082.26 17325.36 10939.93 17311.14 4484.88 17118.34 17231.89 4999.33 9998.18 14094.64 15000.96 3531.39 13699.89 15527.82 4518.69 12946.75 6059.55 7655.83 12524.66 5620.39 10885.30 12101.32 4792.20 14155.88 11677.01 3658.82 1750.62 10817.47 10756.99 18326.09 10432.32 6177.16 10007.54 9991.29 10606.64 
6667.76 10580.06 14732.10 0.00 10157.63 14579.32 7223.53 6562.02 10174.34 13874.39 6117.29 12361.68 10517.36 7685.04 1011.04 630.98 6817.93 2782.58 3181.99 6859.31 18285.64 15124.93 6107.98 2540.86 1073.68 5701.69 2547.52 4342.33 6944.25 14440.89 8962.88 6468.90 4114.05 15340.47 6055.05 3569.26 14056.77 5413.49 9340.70 7933.27 1714.29 17552.94 13458.53 4650.34 15913.76 6139.87 5054.39 7215.82 3312.67 4622.72 8201.19 2039.76 4193.26 8839.60 4126.18 3766.78 8996.22 5483.49 2001.93 18665.86 2703.30 2003.49 19108.24 5726.93 2015.36 4972.32 11800.62 2299.73 7033.63 16306.45 1904.03 4708.92 13254.28 1733.16 5530.52 9988.85 1664.02 6013.81 6718.69 1709.01 6096.92 12103.85 4493.76 19177.57 5989.21 4932.42 18572.71 6470.54 1161.11 9673.65 12637.46 1575.06 8692.05 11353.87 3910.31 18970.71 8037.28 4284.69 19341.44 4759.53 4669.66 18299.98 1931.11 5062.74 17192.45 13273.68 4004.30 11914.65 6823.69 4311.87 11235.37 4982.39 4748.71 14551.78 
7435.19 444.78 13606.49 10157.63 0.00 10681.21 7890.47 12229.47 19681.50 8511.17 12133.96 13416.44 8523.26 16689.33 9387.02 9597.79 5123.79 10742.50 9169.25 15903.71 9174.27 10712.67 15741.68 10840.82 9140.73 15302.65 9178.06 8834.68 3593.37 9107.72 10851.32 12447.68 8529.43 11915.10 12196.54 7353.94 12354.48 4914.34 12669.56 11763.90 10371.47 12261.91 8441.65 5792.20 8814.57 6462.26 9565.59 14882.92 7144.20 9507.67 12456.31 8873.83 9452.14 9630.90 11166.67 9399.29 6722.09 12496.21 8454.47 8857.91 7510.19 8733.06 10738.75 13311.61 9546.52 14788.93 16626.08 9123.44 11960.97 13539.51 8996.92 5501.77 16420.57 8815.67 5501.77 17944.41 8639.36 6654.13 15842.84 8468.78 8416.30 2683.16 9081.92 10615.80 4265.04 9067.53 9272.58 16339.30 9913.42 7353.71 17005.80 10013.53 1930.29 18123.73 13326.68 8814.57 18103.63 13769.15 10019.55 14910.18 14211.39 11414.31 11661.21 14653.33 12678.48 15285.80 13662.16 2952.63 4914.17 13508.21 18153.21 14801.80 13754.14 7248.61 
17935.30 10296.40 3219.65 14579.32 10681.21 0.00 17884.56 8134.16 9045.80 11552.38 8570.50 11789.40 14916.92 12659.30 14011.54 14358.45 10089.96 17015.64 17676.61 13405.89 4067.54 555.97 13276.17 16730.37 15014.16 13638.35 17008.31 10589.01 13940.66 1582.09 16123.99 16792.96 18270.67 9460.15 17117.96 16432.30 10608.02 14478.80 5448.28 16538.30 12865.74 5951.06 2490.84 15168.77 2322.20 9890.96 19589.13 14419.87 13178.27 19198.78 15900.28 16237.99 18771.43 16568.04 17739.53 18335.08 15900.28 16841.38 15677.31 4809.91 15024.00 16054.26 5559.75 16023.57 16562.91 13768.81 10118.01 16712.06 16976.14 5400.32 16168.85 14392.33 8065.80 15753.22 15744.58 10800.81 15332.98 17325.36 13442.24 14909.31 18964.04 8012.78 18986.94 4999.33 13913.68 19403.14 4289.01 12596.85 13487.74 15527.82 6680.95 13045.63 12590.95 7479.37 15108.99 5620.39 10130.93 14790.57 6059.55 12801.24 14458.66 6059.55 15284.89 14115.67 5620.39 4654.25 11748.59 7735.28 15580.35 11129.25 9374.86 11397.92 10713.83 10606.64 
817.87 8209.31 16905.19 7223.53 7890.47 17884.56 0.00 13784.92 12360.32 6683.93 13340.33 7899.84 3419.59 8906.64 7576.11 7300.19 9999.84 5076.73 4049.23 8291.49 13934.16 17476.68 8610.32 5355.07 6554.67 8295.83 4676.66 10683.17 5267.52 16679.12 3547.42 4618.06 3117.30 9504.66 4452.99 4407.78 8579.17 5375.25 16556.43 3973.76 8889.20 12974.14 16297.91 5009.31 15578.26 10618.27 2549.73 7032.32 7712.92 2854.46 4696.79 5298.92 3190.25 2500.47 4389.87 3548.24 1984.75 4960.06 5692.77 13191.40 5989.21 5425.81 12890.34 5739.18 5214.34 8270.68 10418.18 4935.92 4070.97 14025.17 5408.10 5790.90 12311.37 5745.49 3972.11 10322.02 6092.89 2087.32 8287.55 6448.52 1167.21 10418.18 2800.86 13389.36 5739.18 2406.42 13745.31 9282.35 8200.43 2461.41 14227.69 8642.31 6129.61 13806.86 7001.06 12422.34 11714.58 7290.97 12239.15 9306.85 7588.83 12601.98 6812.10 7893.40 13451.05 16297.91 10380.54 10796.27 3415.96 10981.96 11568.34 10745.37 11405.66 7408.64 
13207.05 12334.90 8584.43 6562.02 12229.47 8134.16 13784.92 0.00 7871.68 19227.56 444.78 14335.80 16921.25 8885.33 6301.13 6527.51 7192.49 8912.65 9737.23 8768.77 12198.84 8648.43 7863.60 8625.24 7297.51 7857.64 9109.51 4037.58 11461.60 8544.10 14497.13 11407.15 10674.43 15391.19 11193.11 9731.39 15372.68 10213.54 2782.06 13110.13 4920.80 12757.22 7991.09 9960.88 10076.58 5879.35 11466.90 10179.46 7000.45 11070.74 12882.31 8527.35 10673.51 14979.15 9980.81 10275.62 15485.10 10451.57 8231.08 12937.62 8253.56 8426.98 13274.39 10067.38 8571.04 7355.55 11169.33 8855.98 12219.85 11294.44 8408.04 9448.19 10652.84 8111.79 11177.08 9613.73 7820.92 12367.29 8658.27 7536.51 12646.98 11594.50 11020.18 12820.15 10367.07 11445.52 12423.02 7486.89 5632.12 16232.89 8566.23 5201.40 12377.80 7731.80 7897.94 13754.52 6376.62 7849.46 13986.24 6099.71 7811.81 13374.69 7230.73 7785.25 12184.10 7748.15 4094.43 11063.19 12497.18 3390.07 9585.67 4455.14 3115.38 18613.22 
12840.88 19236.72 6090.47 10174.34 19681.50 9045.80 12360.32 7871.68 0.00 11402.81 7990.05 6560.21 11569.51 3619.76 10932.39 10728.99 15027.10 9604.15 11175.23 4421.05 10507.99 9000.70 4603.72 9507.09 11196.32 5043.47 11170.15 11367.69 16752.37 10623.16 9318.72 7832.29 11806.07 7917.89 8095.20 12994.47 7538.62 15433.24 7278.50 8454.50 9921.83 7446.81 11317.30 14556.11 10882.59 13690.06 10746.67 5400.36 13155.62 10814.40 7753.38 11474.06 10878.26 10544.53 9165.80 10937.93 13453.21 7814.91 11890.35 10828.63 12829.51 11614.08 8963.28 7001.46 10802.10 5559.75 3300.95 11225.23 8294.95 6152.25 11350.68 14840.18 3331.45 11529.47 14840.18 2178.66 11701.88 13654.39 4485.94 11867.06 11871.69 17024.77 11244.09 9077.16 16081.09 11249.15 10410.94 4008.86 10394.98 12783.46 2676.46 10283.43 18389.21 1580.04 7021.40 10882.59 2190.84 6578.76 9691.04 5426.77 6136.31 8298.16 8684.89 5694.09 7021.83 4423.95 6622.12 16780.92 15397.81 6749.08 1719.91 5484.57 6487.19 12611.73 
7322.72 8382.35 10794.90 13874.39 8511.17 11552.38 6683.93 19227.56 11402.81 0.00 19370.67 5016.09 3364.69 10647.01 14249.05 13984.07 13582.87 11361.30 10695.87 10854.33 7532.69 11017.33 11796.20 11646.10 13233.02 11854.45 11344.34 16746.90 9330.09 11330.22 5473.59 8537.62 9798.57 3839.47 8798.99 10884.18 3877.30 10550.70 16699.79 6820.74 15567.29 6594.75 12004.29 10763.76 9773.92 14904.53 8862.35 9504.34 13741.53 9278.99 6952.32 11981.56 9696.07 5185.84 10201.64 10113.34 5118.63 9536.23 12334.17 6811.66 12401.43 12101.04 6214.72 9828.81 11860.33 12424.41 8115.02 11613.11 7745.49 8017.74 12091.98 11305.63 8576.22 12419.96 9539.90 9735.28 12742.19 8248.84 10975.02 13057.49 7784.22 8954.64 9381.10 6705.43 10418.18 8944.08 7288.02 12106.23 14884.36 4293.53 10663.18 15325.87 8422.14 11498.87 12066.77 5974.39 12994.30 12057.56 5560.26 13652.95 12038.02 6030.51 12976.26 12008.26 7158.18 11535.20 15786.19 9476.41 8239.19 16474.18 9684.37 15231.79 16658.23 1622.78 
12763.53 12270.68 9006.78 6117.29 12133.96 8570.50 13340.33 444.78 7990.05 19370.67 0.00 14354.58 16502.83 8753.51 5862.87 6085.13 7044.17 8483.66 9292.98 8578.76 12632.47 9087.41 7650.94 8196.39 6856.31 7616.53 8664.76 3727.33 11147.11 8946.09 14157.49 11069.86 10229.66 15664.47 10838.67 9301.50 15526.25 9858.36 3226.53 12781.49 4477.79 13164.56 8358.08 9573.22 10486.24 5714.89 11032.05 9957.20 6630.39 10633.14 12592.13 8083.99 10233.64 14581.45 9570.58 9833.92 15047.56 10097.30 7793.33 13369.48 7836.10 7985.01 13714.13 9746.22 8126.64 7079.69 11269.84 8411.24 11876.66 11684.29 7964.24 9083.75 10884.11 7670.28 10782.98 9635.87 7383.17 11935.24 8462.09 7104.13 12203.47 11689.67 10577.89 13263.32 10041.00 11004.28 12859.45 7313.36 5190.73 15788.28 8848.13 4761.49 12149.69 7957.21 7547.14 14190.01 6376.40 7519.95 14430.08 5834.27 7505.50 13798.89 6811.75 7503.90 12588.18 8123.38 3764.36 11165.10 12113.49 3062.73 9709.79 4219.37 2827.30 18938.10 
8708.90 13349.40 9045.80 12361.68 13416.44 11789.40 7899.84 14335.80 6560.21 5016.09 14354.58 0.00 5398.45 5892.72 13331.09 12911.74 17862.87 9745.88 10286.62 6360.94 9358.10 11310.29 7338.84 9927.90 12607.24 7561.51 10859.69 16451.06 12858.66 12772.31 4451.26 5963.78 9961.54 3026.21 6400.73 11806.07 1794.40 13273.21 13589.39 4823.50 13601.24 6009.18 13896.07 12856.89 11582.11 18333.83 8394.54 5400.36 14983.50 8796.79 4336.60 11666.87 9200.12 5400.36 8421.02 9604.15 7753.38 6897.36 12323.17 8963.28 13164.39 11885.71 6998.96 6648.86 11048.70 8294.95 3300.95 11142.45 5559.75 6398.85 11673.31 13654.39 4603.21 12116.30 11871.69 4723.97 12559.19 9982.36 6504.85 13001.97 8350.47 13844.56 9196.34 7548.08 13582.18 8831.48 9077.16 7434.83 13433.57 6834.51 6814.97 13721.09 12783.46 7129.27 8716.49 8298.16 7978.32 8466.52 7021.83 9290.66 8221.84 6225.36 10516.75 7983.47 6225.36 8596.30 11470.01 14330.81 11104.72 12004.53 4908.70 10561.40 11996.32 6509.16 
4151.50 8632.89 13697.28 10517.36 8523.26 14916.92 3419.59 16921.25 11569.51 3364.69 16502.83 5398.45 0.00 9163.71 10969.82 10669.31 12512.52 8024.64 7349.12 8967.36 10879.92 14381.51 9709.55 8311.47 9945.84 9588.38 8006.50 14068.12 7507.93 14553.23 2775.92 5738.15 6488.21 6202.82 5877.01 7801.04 5475.13 8231.18 18825.83 4138.43 12222.29 9581.72 15003.43 8125.78 13030.64 13494.12 5499.78 7479.03 11022.96 5914.40 4572.66 8685.63 6331.93 1985.41 6941.83 6751.77 2416.12 6607.44 9108.85 10148.69 9379.70 8825.86 9497.72 7112.91 8508.10 9927.76 8585.68 8284.22 4920.85 10766.33 8785.75 8834.94 9975.11 9145.11 6936.83 9421.40 9505.93 5272.48 9040.07 9867.58 4455.32 10226.91 6024.82 10019.42 8368.70 5585.01 10642.80 10245.22 11563.80 1457.89 12207.31 12008.52 7450.94 12462.64 9139.30 9319.47 12133.96 9253.34 8899.21 11176.21 9370.82 9182.39 9691.82 9491.19 10085.52 13832.51 12936.77 10747.08 5879.74 13629.99 10123.23 12841.73 13973.32 4459.31 
9288.12 17069.50 9673.93 7685.04 16689.33 12659.30 8906.64 8885.33 3619.76 10647.01 8753.51 5892.72 9163.71 0.00 8653.67 8314.34 14321.38 6255.44 7730.94 889.56 13539.43 12618.81 1611.77 6226.92 8497.52 1987.66 7862.97 10747.56 13237.99 14229.96 6459.72 4292.55 8246.77 8583.47 4509.40 9656.78 7579.12 12170.26 9695.75 5275.15 8225.00 9909.39 14825.48 11283.66 14441.51 13263.70 7126.92 1883.23 10997.61 7203.57 4675.43 8352.77 7294.31 7580.02 5602.91 7398.46 10365.76 4195.16 8907.55 13601.03 9954.95 8537.15 11435.33 3382.15 7616.02 2740.53 4121.81 7988.19 4873.33 9059.36 8256.76 11786.66 5719.79 8551.98 11309.77 2358.01 8851.20 10036.05 1005.92 9153.51 8287.65 19322.01 7642.29 11762.43 12840.39 7630.87 13357.67 1544.32 8379.47 9968.81 6162.37 8482.31 14769.53 5197.02 3878.02 13305.65 3013.28 3454.04 11915.81 3456.78 3035.35 10615.42 5831.57 2624.52 9682.53 8041.34 5584.69 19570.31 11778.29 6113.93 3780.63 4683.04 6133.23 12252.59 
6927.52 9793.21 14801.01 1011.04 9387.02 14011.54 7576.11 6301.13 10932.39 14249.05 5862.87 13331.09 10969.82 8653.67 0.00 419.69 5809.33 3638.74 3668.98 7843.22 17340.93 14567.42 7060.93 3427.58 1023.97 6666.20 3000.04 3509.15 6400.57 13645.32 9715.91 7395.95 4481.75 16263.12 6971.04 3473.45 14984.20 4855.65 9064.80 8783.43 1436.24 18377.45 12607.78 4200.91 15043.97 5141.22 5659.65 8226.78 2360.02 5215.83 9104.87 2284.20 4772.15 9450.18 4990.80 4328.65 9184.70 6435.45 1930.62 17655.05 2214.05 2150.46 19562.63 6718.93 2572.62 5923.00 12775.26 2708.61 7912.26 16919.75 2187.05 4091.11 14123.86 1830.87 5242.47 10927.69 1520.53 6083.50 7700.75 1289.56 6515.96 11172.04 5001.97 19008.47 5363.83 5446.56 17620.78 7382.49 711.70 9960.30 13250.54 1106.31 8077.16 11981.12 4916.02 18068.16 8755.45 5282.57 19406.57 5588.52 5657.80 19225.85 2941.75 6039.98 17895.87 13558.83 4478.91 10954.35 6590.83 4633.07 12115.21 5554.37 5040.06 14622.47 
6681.24 10013.58 14931.45 630.98 9597.79 14358.45 7300.19 6527.51 10728.99 13984.07 6085.13 12911.74 10669.31 8314.34 419.69 0.00 6195.26 3224.24 3334.11 7490.21 17760.07 14913.19 6733.69 3009.84 781.03 6329.86 2668.63 3908.30 6487.16 14046.62 9327.23 6976.92 4188.32 15846.46 6552.66 3340.38 14566.42 4943.86 9305.18 8374.14 1608.56 18154.53 13017.98 4232.14 15458.57 5555.04 5301.52 7829.87 2683.36 4859.57 8688.14 2004.17 4418.08 9098.36 4576.85 3977.18 8970.90 6015.81 1757.70 18048.58 2244.84 1900.30 19684.60 6304.50 2208.38 5596.97 12431.13 2385.84 7498.20 16812.49 1892.10 4206.91 13858.00 1587.83 5204.95 10612.25 1361.20 5903.15 7349.48 1255.01 6215.13 11483.15 4668.51 19340.21 5488.64 5113.13 18039.08 7084.17 900.39 9713.48 13128.14 1342.51 8203.47 11848.63 4537.90 18375.48 8570.25 4915.03 19476.97 5337.99 5300.63 18929.74 2553.51 5692.89 17746.27 13592.26 4396.85 11286.77 6535.19 4619.00 11840.92 5433.30 5041.30 14471.84 
9200.58 5326.01 13034.96 6817.93 5123.79 10089.96 9999.84 7192.49 15027.10 13582.87 7044.17 17862.87 12512.52 14321.38 5809.33 6195.26 0.00 9025.45 8123.38 13588.24 11672.01 10511.65 12712.61 8912.13 6242.05 12366.62 7648.47 3811.57 5016.22 8879.92 13510.82 12650.53 8246.95 16942.56 12208.14 6378.20 17459.35 4629.35 8463.05 13401.79 6096.56 15371.11 7755.52 5132.06 9785.15 1338.59 9829.05 14014.05 3635.64 9470.81 14014.05 6896.29 9113.50 12489.94 10229.56 8757.76 10128.24 11892.46 6232.05 11853.34 5246.57 6674.84 14026.33 12371.87 7604.36 11600.65 18206.38 7399.91 12839.15 15445.35 6928.95 4334.92 17542.54 6514.34 6033.83 16283.44 6102.33 7931.86 13441.17 5693.56 9650.08 5688.21 9030.64 13570.58 4285.90 9343.35 11921.60 12866.22 5976.87 11061.94 15305.09 5843.51 5292.56 14823.11 10724.63 12313.69 13171.29 11081.23 13707.37 10924.83 11435.92 14868.02 8748.20 11788.00 15344.90 13571.00 8994.73 5339.43 6758.17 8641.30 16745.08 10077.37 8793.35 12370.49 
4782.49 11184.55 15530.21 2782.58 10742.50 17015.64 5076.73 8912.65 9604.15 11361.30 8483.66 9745.88 8024.64 6255.44 3638.74 3224.24 9025.45 0.00 1602.23 5367.33 18885.67 17476.39 5002.45 287.45 2865.64 4561.09 1607.53 7115.12 7149.66 17214.98 6194.29 3782.30 2460.26 12624.92 3347.83 3417.50 11348.67 5926.82 11567.69 5156.97 4428.21 15626.15 16236.00 5036.08 18682.70 8649.88 2575.49 5122.59 5403.32 2223.69 5468.27 2184.19 1909.23 6190.23 1352.75 1653.57 7044.04 2887.51 2823.08 18172.03 3866.55 2395.53 16733.63 3364.45 1441.60 4093.63 10013.60 1750.85 4273.96 15233.88 2123.41 5540.97 11899.86 2516.19 5265.07 8574.61 2923.24 4695.63 5262.64 3339.33 3915.46 13280.90 2336.65 17292.97 6598.10 2679.76 18618.55 5603.05 3943.62 7484.62 12278.52 4348.28 8884.42 11116.61 2601.39 17335.33 7877.44 3036.50 16558.96 4681.59 3473.90 15969.99 1736.12 3912.82 15633.08 13780.53 5313.39 13315.49 6160.24 5905.24 10031.74 5815.50 6329.95 12403.13 
3553.11 9608.53 17128.49 3181.99 9169.25 17676.61 4049.23 9737.23 11175.23 10695.87 9292.98 10286.62 7349.12 7730.94 3668.98 3334.11 8123.38 1602.23 0.00 6854.15 17812.89 18232.25 6572.84 1767.58 2662.50 6135.84 669.07 7096.61 5578.00 16964.59 6157.99 4534.02 997.17 12842.51 4095.75 1955.61 11646.15 4449.63 12507.90 5467.82 4874.57 16279.39 15833.31 3575.44 17769.50 8048.21 2019.46 6382.22 4696.91 1576.42 5969.13 1452.53 1134.72 5784.83 2229.58 696.89 5893.34 3898.83 2062.19 17115.46 2899.62 1650.94 16792.15 4568.70 1167.10 5693.91 11221.50 964.58 4754.52 16415.20 1511.05 4184.51 13214.65 1937.25 3674.01 9986.19 2370.12 3196.08 6761.99 2806.58 2914.94 11758.78 1334.60 17346.51 5116.01 1779.35 17694.69 7189.31 4219.55 6508.08 13839.58 4664.14 7292.34 12705.47 4200.14 16423.40 9479.38 4631.36 16248.32 6252.96 5064.53 16275.69 3068.00 5499.17 16501.93 15380.69 6603.80 11845.24 4568.70 7112.60 11465.17 7259.49 7554.56 11438.31 
8601.28 16311.13 10505.94 6859.31 15903.71 13405.89 8291.49 8768.77 4421.05 10854.33 8578.76 6360.94 8967.36 889.56 7843.22 7490.21 13588.24 5367.33 6854.15 0.00 14417.57 13409.17 981.31 5337.36 7637.79 1234.61 6974.84 10165.46 12387.80 14951.09 6200.80 3691.15 7400.37 9198.94 3841.70 8772.66 8112.74 11286.45 9940.71 4909.18 7518.60 10759.65 15417.33 10398.49 15291.99 12620.44 6351.63 1488.33 10168.63 6396.18 4397.04 7464.45 6460.18 7233.46 4754.49 6542.97 9890.29 3435.72 8023.67 14449.60 9073.43 7649.98 12270.25 2618.33 6726.90 2000.35 4943.00 7098.68 4363.77 9945.32 7369.45 10897.10 6602.28 7669.46 10458.37 3240.65 7975.85 9264.55 148.63 8287.56 7579.93 18583.85 6823.07 12618.73 11957.16 6840.77 14229.04 1297.85 7613.87 9604.36 7015.70 7750.55 13973.47 6000.38 3007.30 14105.16 3451.16 2593.15 12709.17 2937.31 2190.27 11441.48 4978.75 1806.24 10551.96 8840.55 5143.06 18680.75 10995.66 5739.74 4670.19 4382.19 5829.83 12477.08 
14320.90 8730.51 4963.92 18285.64 9174.27 4067.54 13934.16 12198.84 10507.99 7532.69 12632.47 9358.10 10879.92 13539.43 17340.93 17760.07 11672.01 18885.67 17812.89 14417.57 0.00 3569.43 14988.81 19160.89 17907.79 15429.48 18186.50 13948.45 12697.55 3915.46 12707.80 15274.92 16823.60 6400.55 15689.45 16465.71 7684.15 14088.26 9503.28 13794.66 16700.62 3734.00 4848.01 14964.76 2395.91 12215.29 16364.08 14336.25 15296.49 16750.69 13542.96 18048.10 17122.20 12696.91 17590.52 17471.92 12003.74 16251.74 17570.91 744.58 16533.96 17899.98 2387.79 15948.16 18680.18 16048.84 9540.62 18236.11 14704.10 4496.01 18169.49 14622.61 7820.56 17931.63 14455.34 11181.48 17635.57 14622.61 14543.67 17300.32 15101.21 6842.71 16730.83 1898.60 13433.18 16338.00 287.45 14481.22 17139.02 11490.95 7857.75 16754.71 10912.02 9099.11 17413.70 1560.47 12447.12 16978.58 2395.91 15789.35 16541.19 3214.04 19119.21 16102.27 3874.20 6661.66 15608.04 6915.46 13368.16 15074.31 9794.12 14942.87 14636.70 6545.80 
17689.75 10309.85 3008.80 15124.93 10712.67 555.97 17476.68 8648.43 9000.70 11017.33 9087.41 11310.29 14381.51 12618.81 14567.42 14913.19 10511.65 17476.39 18232.25 13409.17 3569.43 0.00 13377.64 17196.70 15569.93 13763.84 17564.17 11141.29 14099.19 1759.72 15595.12 16582.12 18753.10 8919.14 16954.66 16885.62 10080.42 14781.57 5933.86 16103.91 13412.69 5421.91 2803.82 15524.14 2069.84 10378.55 19685.32 14302.30 13689.56 19698.10 15502.77 16790.74 19316.73 16012.07 17989.31 18887.97 15502.77 16809.20 16221.33 4313.95 15533.86 16604.47 5003.77 16000.66 17115.84 13969.53 9813.45 17267.67 16640.06 4948.21 16723.48 14768.63 7756.57 16305.62 15970.26 10638.58 15882.73 17350.54 13459.94 15456.21 18632.59 8029.87 19520.46 4443.67 14184.25 19780.18 3778.78 12702.88 14040.26 15057.55 6530.80 13597.60 12639.97 7421.97 15371.93 5111.05 10247.22 15020.85 5508.96 13079.98 14658.65 5508.96 15740.48 14287.53 5111.05 4577.48 12170.55 7795.82 15625.22 11571.26 9183.93 11750.35 11147.78 10115.20 
8801.70 16181.36 10641.26 6107.98 15741.68 13276.17 8610.32 7863.60 4603.72 11796.20 7650.94 7338.84 9709.55 1611.77 7060.93 6733.69 12712.61 5002.45 6572.84 981.31 14988.81 13377.64 0.00 4917.58 6969.66 444.78 6583.17 9205.56 12148.66 14729.21 6934.58 4157.43 7251.25 10146.45 4204.36 8408.60 9082.77 10896.57 9250.36 5583.31 6618.09 11462.82 14975.48 10005.83 15394.27 11687.33 6424.97 2317.33 9414.72 6388.41 5152.97 6966.98 6371.57 7878.04 4659.31 6374.65 10359.61 3650.43 7469.48 15139.19 8493.89 7132.88 13005.11 2882.99 6256.67 1137.94 5721.96 6662.18 4913.85 10496.07 6857.01 10413.67 7205.07 7107.51 10243.97 3882.94 7368.19 9289.36 842.74 7637.67 7763.54 18189.93 6772.83 13296.53 11564.27 6867.84 14838.36 679.48 6769.25 10195.18 7276.20 6871.23 13852.71 6139.28 2447.62 14901.00 3145.33 2003.27 13517.31 1956.04 1559.16 12197.19 4307.00 1115.56 11194.68 8912.88 4162.85 18013.82 10965.67 4766.77 5204.64 3435.79 4872.79 13417.63 
5044.98 11284.57 15362.69 2540.86 10840.82 16730.37 5355.07 8625.24 9507.09 11646.10 8196.39 9927.90 8311.47 6226.92 3427.58 3009.84 8912.13 287.45 1767.58 5337.36 19160.89 17196.70 4917.58 0.00 2705.12 4473.61 1665.65 6881.66 7254.02 16952.44 6455.88 3971.69 2674.27 12836.77 3543.93 3491.43 11556.68 5985.02 11282.12 5392.41 4164.81 15746.83 15999.19 5093.24 18454.61 8485.31 2861.28 5182.93 5279.33 2504.42 5678.84 2146.62 2178.22 6472.12 1585.73 1898.60 7318.17 3041.76 2758.43 18457.61 3812.96 2347.37 16926.35 3460.78 1399.73 3966.24 10061.82 1762.20 4496.77 15254.60 2068.58 5559.75 11908.76 2432.23 5392.47 8564.33 2818.26 4913.87 5226.46 3218.61 4191.88 13336.39 2600.02 17471.92 6655.11 2954.00 18885.67 5498.71 3699.80 7768.45 12183.53 4096.98 9006.23 10999.03 2486.22 17619.18 7725.80 2928.34 16801.05 4486.81 3371.11 16140.88 1457.30 3814.31 15714.58 13618.00 5042.41 13343.39 6336.19 5627.43 10007.54 5570.81 6054.09 12689.88 
5916.90 9570.26 15705.29 1073.68 9140.73 15014.16 6554.67 7297.51 11196.32 13233.02 6856.31 12607.24 9945.84 8497.52 1023.97 781.03 6242.05 2865.64 2662.50 7637.79 17907.79 15569.93 6969.66 2705.12 0.00 6544.29 1994.34 4452.91 5872.95 14537.79 8769.70 6644.41 3457.81 15410.75 6206.54 2569.62 14158.67 4346.72 10070.74 7918.14 2385.08 18383.89 13460.42 3576.66 15840.27 5784.81 4670.02 7785.77 2611.88 4225.25 8299.93 1260.24 3780.48 8447.19 4187.76 3335.72 8195.36 5744.80 982.51 17921.25 1643.63 1132.44 19443.57 6140.87 1619.15 5851.43 12558.57 1698.18 7085.87 17347.51 1165.64 3658.88 14171.89 814.81 4478.73 10842.02 603.03 5122.15 7504.46 676.68 5492.18 11222.32 3990.62 19756.32 4934.14 4434.43 18140.40 7391.90 1665.60 8950.59 13699.70 2098.28 7627.48 12416.06 4632.82 17935.28 9083.26 5045.76 18702.40 5769.67 5462.68 18831.68 2667.75 5882.69 18161.57 14320.72 5068.66 11086.90 5791.89 5342.87 12159.53 6056.07 5772.92 13690.94 
8449.39 15743.52 11066.03 5701.69 15302.65 13638.35 8295.83 7857.64 5043.47 11854.45 7616.53 7561.51 9588.38 1987.66 6666.20 6329.86 12366.62 4561.09 6135.84 1234.61 15429.48 13763.84 444.78 4473.61 6544.29 0.00 6139.25 8940.79 11709.28 15054.06 6825.47 3939.92 6828.82 10430.52 3942.98 7964.87 9328.18 10451.82 9410.20 5449.97 6286.35 11879.02 15216.23 9561.12 15798.64 11385.91 6049.81 2352.78 9013.09 5994.55 5074.69 6523.28 5961.67 7709.28 4256.13 5951.60 10092.47 3344.25 7029.47 15563.33 8057.06 6690.15 13414.99 2613.92 5812.05 767.26 6109.46 6217.41 4723.43 10935.00 6413.90 9970.69 7635.20 6667.90 9808.69 4300.03 6933.72 8892.27 1085.98 7209.76 7411.15 17755.56 6368.72 13720.32 11119.49 6479.62 15275.03 1071.33 6401.46 9984.25 7717.49 6524.11 13421.60 6572.36 2003.06 15293.29 3517.11 1558.88 13902.60 1809.47 1115.18 12599.97 3878.20 672.88 11622.62 9331.92 4016.42 17616.30 10553.78 4655.03 5640.34 3402.96 4803.80 13466.21 
4133.58 9622.24 16879.43 2547.52 9178.06 17008.31 4676.66 9109.51 11170.15 11344.34 8664.76 10859.69 8006.50 7862.97 3000.04 2668.63 7648.47 1607.53 669.07 6974.84 18186.50 17564.17 6583.17 1665.65 1994.34 6139.25 0.00 6435.22 5597.00 16395.62 6805.63 5007.66 1568.65 13484.84 4563.60 1825.90 12272.44 4324.11 11887.81 6060.11 4223.09 16868.74 15274.38 3432.49 17418.13 7481.10 2679.71 6667.65 4133.57 2235.19 6525.66 814.60 1790.78 6453.54 2591.96 1346.61 6472.12 4273.75 1463.54 17568.05 2402.67 1028.35 17461.20 4870.18 568.78 5619.00 11553.94 299.92 5303.56 16789.57 853.12 3938.90 13485.63 1290.75 3766.92 10177.47 1731.99 3626.58 6869.64 2174.65 3560.21 11678.95 2002.45 18014.26 4995.05 2447.20 18140.59 7161.29 3558.05 7126.61 13846.08 4002.83 7361.60 12647.85 4148.93 16959.45 9338.70 4592.20 16903.27 6029.11 5035.68 16927.68 2724.30 5479.34 17027.71 15176.47 6144.05 11708.00 4818.54 6609.85 11638.30 6884.56 7054.36 12030.80 
9922.14 9087.78 12240.13 4342.33 8834.68 10589.01 10683.17 4037.58 11367.69 16746.90 3727.33 16451.06 14068.12 10747.56 3509.15 3908.30 3811.57 7115.12 7096.61 10165.46 13948.45 11141.29 9205.56 6881.66 4452.91 8940.79 6435.22 0.00 7425.47 10138.35 13219.14 10788.94 7775.47 19273.80 10386.06 6276.73 18245.43 6207.50 6354.10 12271.99 2887.02 16372.71 9120.92 6070.57 11573.71 2555.55 9114.70 11050.76 3089.65 8670.35 12533.71 5649.44 8226.00 12849.28 8464.98 7781.67 11858.72 9777.94 5106.71 14464.91 4695.12 5466.24 16093.08 9892.86 6063.79 8190.49 14395.70 6135.69 11375.87 15142.22 5585.65 5470.71 14526.38 5164.37 7298.01 12483.30 4746.35 8808.56 10018.14 4332.55 9769.53 9394.64 8401.36 15513.70 6329.99 8838.15 14235.84 9218.13 3191.14 12784.61 12571.91 2831.14 8481.32 11620.20 7748.61 15204.11 9380.41 7986.09 16343.72 7291.13 8230.78 16646.50 6037.74 8481.60 15876.37 11719.26 5225.04 8979.20 8551.30 4832.68 13035.75 6277.93 4984.49 16002.99 
4564.36 4034.92 17100.56 6944.25 3593.37 13940.66 5267.52 11461.60 16752.37 9330.09 11147.11 12858.66 7507.93 13237.99 6400.57 6487.16 5016.22 7149.66 5578.00 12387.80 12697.55 14099.19 12148.66 7254.02 5872.95 11709.28 5597.00 7425.47 0.00 12374.64 8784.78 9296.54 4991.27 13159.85 8958.75 3782.20 12846.79 1545.58 13389.52 9173.38 7690.20 15179.90 11487.94 2313.95 12348.61 6020.75 6215.11 11628.45 4651.65 6071.15 9893.85 5366.06 5947.25 7631.64 7636.25 5844.83 5112.25 9103.64 5042.35 12288.84 4248.63 5252.64 13857.66 9893.27 5996.31 11215.99 15685.00 5562.64 9029.43 16709.53 5498.76 2320.85 17461.00 5388.42 1929.47 15285.69 5304.25 3449.42 12308.41 5247.59 5347.34 6203.72 5616.96 13894.49 1125.88 5686.75 12761.07 12750.87 7058.27 6052.01 19397.93 7308.23 1789.16 18233.45 9739.85 12074.44 14874.17 10180.56 13038.70 11514.15 10621.25 14328.34 8176.78 11061.89 15722.47 18464.02 10875.49 6354.24 1852.51 11008.93 16708.01 11917.44 11391.91 8785.64 
16473.00 8729.89 4752.84 14440.89 9107.72 1582.09 16679.12 8544.10 10623.16 11330.22 8946.09 12772.31 14553.23 14229.96 13645.32 14046.62 8879.92 17214.98 16964.59 14951.09 3915.46 1759.72 14729.21 16952.44 14537.79 15054.06 16395.62 10138.35 12374.64 0.00 16620.85 18341.30 17077.52 10081.44 18696.18 15235.42 11328.80 13025.04 6139.09 17567.55 12788.12 6765.05 1132.16 13786.16 1559.54 8920.65 18575.06 16001.81 12272.47 18315.60 17096.40 15584.20 17991.91 16502.12 18493.12 17630.00 14814.02 18370.96 14933.23 4578.92 14067.23 15367.62 5971.62 17563.60 16151.52 15057.67 11563.63 16108.35 18306.49 6568.21 15567.29 13049.55 9507.93 15122.51 14218.57 12369.85 14677.73 15743.54 14976.93 14232.95 17499.11 6450.26 17848.99 5392.47 12424.53 18040.04 4191.88 14052.81 13280.88 14714.05 8250.76 12869.56 11011.39 9060.03 16209.01 5419.47 11598.79 15983.49 6245.96 13952.46 15728.04 6644.57 15721.18 15447.79 6563.62 6236.07 12505.81 6157.93 13998.92 11826.32 10928.90 12396.74 11457.02 10094.07 
4324.08 11055.00 13480.44 8962.88 10851.32 16123.99 3547.42 14497.13 9318.72 5473.59 14157.49 4451.26 2775.92 6459.72 9715.91 9327.23 13510.82 6194.29 6157.99 6200.80 12707.80 15595.12 6934.58 6455.88 8769.70 6825.47 6805.63 13219.14 8784.78 16620.85 0.00 3090.15 5628.57 6685.04 3326.35 7411.37 5516.21 8884.88 16137.49 1396.46 10620.68 10174.29 17464.03 8409.81 15090.73 13950.99 4146.30 4713.94 10721.73 4584.35 1804.52 7609.76 5023.39 1229.00 4891.77 5463.17 4134.50 4065.56 8206.83 12062.20 8877.48 7808.24 10717.76 4436.86 7155.53 7211.41 6908.60 7105.32 2280.86 10820.62 7658.74 9208.77 8764.16 8093.21 7482.26 7148.67 8528.11 5583.98 6269.12 8963.32 3899.83 12900.80 4911.44 11296.73 9282.35 4502.00 12429.79 7471.71 10120.29 3546.70 10746.60 10536.66 9374.64 10548.48 6610.87 11228.16 9468.18 6647.81 10382.71 8471.52 6702.62 10122.06 7614.71 6774.79 10509.67 12771.38 10403.18 13399.44 6935.46 11107.48 8194.97 10143.55 11392.10 6915.71 
5012.60 12796.65 13592.14 6468.90 12447.68 16792.96 4618.06 11407.15 7832.29 8537.62 11069.86 5963.78 5738.15 4292.55 7395.95 6976.92 12650.53 3782.30 4534.02 3691.15 15274.92 16582.12 4157.43 3971.69 6644.41 3939.92 5007.66 10788.94 9296.54 18341.30 3090.15 0.00 4579.59 8875.51 444.78 6381.71 7592.47 8657.70 13329.72 1716.90 7945.41 11909.56 19108.36 7880.50 17540.16 12419.92 3113.72 2435.62 9114.29 3352.81 1752.14 5782.06 3627.46 3795.32 2466.21 3930.15 6221.70 1037.94 6449.15 14771.53 7405.62 6004.42 12956.18 1375.20 5113.88 4194.83 6796.08 5266.79 819.83 11888.64 5766.81 8599.01 8847.64 6200.76 7468.68 5993.46 6635.69 5887.80 3701.77 7071.37 4043.90 15034.42 3823.74 13510.92 9263.19 3648.72 14988.35 4791.96 7602.63 6045.79 10112.52 7959.64 10583.45 9368.22 3529.68 13994.88 7140.07 3558.63 12884.83 5438.22 3636.38 12188.91 4792.23 3759.88 12020.40 12157.20 7313.04 15391.61 7620.88 8017.34 7420.47 7104.36 8306.89 10005.76 
2569.12 8957.11 17890.96 4114.05 8529.43 18270.67 3117.30 10674.43 11806.07 9798.57 10229.66 9961.54 6488.21 8246.77 4481.75 4188.32 8246.95 2460.26 997.17 7400.37 16823.60 18753.10 7251.25 2674.27 3457.81 6828.82 1568.65 7775.47 4991.27 17077.52 5628.57 4579.59 0.00 12261.09 4173.42 1869.40 11140.08 4099.26 13454.59 5173.07 5772.02 15788.02 15982.86 3301.12 17337.78 8383.46 1583.49 6709.96 5094.30 1238.98 5767.11 2197.59 977.66 5076.30 2646.03 877.33 4910.03 4165.58 2670.83 16119.04 3249.12 2345.38 15985.78 4926.26 2123.70 6469.80 11375.65 1819.24 4609.46 16328.29 2298.65 4028.09 13425.29 2662.70 3063.47 10382.64 3047.14 2239.63 7326.04 3445.14 2034.89 11186.41 784.11 16501.63 4731.66 1133.29 16697.88 7898.37 5087.48 5559.75 14408.98 5530.75 6611.04 13373.85 4983.38 15431.22 10272.05 5394.33 15356.36 7140.38 5809.07 15600.04 4042.75 6226.82 16137.36 16159.44 7597.32 11343.80 3744.02 8109.76 11860.86 8226.44 8551.67 10465.32 
10294.55 11666.55 7496.62 15340.47 11915.10 9460.15 9504.66 15391.19 7917.89 3839.47 15664.47 3026.21 6202.82 8583.47 16263.12 15846.46 16942.56 12624.92 12842.51 9198.94 6400.55 8919.14 10146.45 12836.77 15410.75 10430.52 13484.84 19273.80 13159.85 10081.44 6685.04 8875.51 12261.09 0.00 9295.78 13892.37 1283.73 14280.67 13269.07 7496.82 16619.82 3532.94 11147.65 14311.74 8722.33 18175.04 10830.31 8394.52 17214.12 11269.34 7158.36 14293.10 11708.20 7204.57 11273.79 12146.83 8512.02 9857.47 14889.26 5954.93 15457.60 14493.16 4120.59 9665.51 13793.92 11189.06 4879.45 13783.64 8353.11 4564.23 14336.86 14974.18 4801.69 14775.03 13098.59 6797.34 15212.29 11469.94 9347.13 15648.36 10329.20 11331.47 11582.42 4695.71 14227.69 11158.70 6114.72 10102.32 16446.66 7561.49 6825.35 16746.96 12203.36 7722.58 11734.72 5272.49 9893.73 11467.22 4023.50 12038.59 11195.13 3447.70 13536.72 10919.41 3957.03 7837.04 14069.41 11734.16 11906.13 14445.81 6242.48 13004.79 14289.52 4718.55 
4779.66 12562.26 13949.67 6055.05 12196.54 17117.96 4452.99 11193.11 8095.20 8798.99 10838.67 6400.73 5877.01 4509.40 6971.04 6552.66 12208.14 3347.83 4095.75 3841.70 15689.45 16954.66 4204.36 3543.93 6206.54 3942.98 4563.60 10386.06 8958.75 18696.18 3326.35 444.78 4173.42 9295.78 0.00 5957.56 8014.07 8264.27 13252.53 2006.66 7560.48 12353.82 19137.63 7473.53 17981.28 11978.21 2749.26 2701.50 8669.71 2958.06 2147.76 5337.28 3211.94 3903.20 2024.00 3501.05 6156.44 741.63 6004.37 15162.97 6962.46 5559.64 13387.42 1329.08 4670.21 4111.54 7205.87 4822.13 1062.95 12323.53 5322.20 8182.10 9252.13 5756.47 7105.04 6327.01 6191.83 5583.07 3834.68 6628.04 3780.84 14827.91 3429.42 13945.24 8879.43 3282.74 15402.23 4861.19 7195.95 6061.80 10445.58 7561.26 10306.53 9649.61 3295.19 14371.93 7264.97 3377.08 13295.07 5327.10 3508.72 12626.02 4421.29 3684.74 12464.68 12464.44 7103.93 15149.13 7325.42 7807.25 7772.53 6976.07 8118.26 10223.69 
3649.55 7798.39 18270.67 3569.26 7353.94 16432.30 4407.78 9731.39 12994.47 10884.18 9301.50 11806.07 7801.04 9656.78 3473.45 3340.38 6378.20 3417.50 1955.61 8772.66 16465.71 16885.62 8408.60 3491.43 2569.62 7964.87 1825.90 6276.73 3782.20 15235.42 7411.37 6381.71 1869.40 13892.37 5957.56 0.00 12869.07 2513.79 12444.13 7039.84 4906.37 17380.45 14124.20 1627.99 15816.90 6552.33 3452.74 8335.76 3353.20 3095.46 7635.95 1652.63 2761.45 6709.96 4180.35 2460.26 5767.11 5833.59 1587.43 15985.78 1581.67 1601.22 16949.44 6522.20 2218.66 7438.50 13146.86 1781.28 6469.80 18195.31 1795.72 2239.63 15161.91 1838.19 2034.89 11936.67 1979.50 2637.79 8672.92 2200.66 3580.64 9863.80 2652.56 17260.63 3184.62 2982.70 16501.63 8985.91 4177.67 6611.04 15669.16 4577.33 5559.75 14455.00 5974.19 15600.04 11116.92 6417.77 16137.36 7771.84 6861.44 16914.62 4426.95 7305.20 17849.40 16807.34 7541.36 9916.21 3263.02 7881.02 13412.43 8430.07 8317.84 11150.52 
9391.14 12182.89 8341.98 14056.77 12354.48 10608.02 8579.17 15372.68 7538.62 3877.30 15526.25 1794.40 5475.13 7579.12 14984.20 14566.42 17459.35 11348.67 11646.15 8112.74 7684.15 10080.42 9082.77 11556.68 14158.67 9328.18 12272.44 18245.43 12846.79 11328.80 5516.21 7592.47 11140.08 1283.73 8014.07 12869.07 0.00 13706.16 13784.31 6241.36 15383.77 4658.54 12410.37 13549.53 9997.68 18776.45 9653.66 7194.68 16218.06 10085.62 5880.44 13086.14 10517.56 6165.89 9999.47 10949.36 7877.96 8574.02 13707.12 7233.16 14383.91 13293.73 5389.62 8395.77 12549.69 10071.14 4284.68 12568.50 7081.65 5450.24 13118.80 14291.73 4799.60 13561.67 12395.38 6065.54 14004.36 10626.08 8258.80 14446.83 9289.75 12241.08 10427.10 5960.67 13806.86 10017.41 7398.40 9121.39 15167.88 6911.71 7002.96 15482.57 12239.97 7677.29 10504.55 6534.51 9298.68 10260.33 5305.91 11020.36 10015.24 4684.26 12266.04 9770.13 5007.47 8374.20 13157.26 12691.04 11344.10 13634.75 5818.79 12175.76 13563.96 5134.81 
4571.82 5357.83 17630.75 5413.49 4914.34 14478.80 5375.25 10213.54 15433.24 10550.70 9858.36 13273.21 8231.18 12170.26 4855.65 4943.86 4629.35 5926.82 4449.63 11286.45 14088.26 14781.57 10896.57 5985.02 4346.72 10451.82 4324.11 6207.50 1545.58 13025.04 8884.88 8657.70 4099.26 14280.67 8264.27 2513.79 13706.16 0.00 12468.24 8936.09 6161.11 16708.86 11996.63 891.82 13347.77 5315.41 5559.39 10787.25 3240.46 5306.97 9618.27 3959.94 5074.37 7873.08 6645.11 4864.62 5832.74 8250.77 3561.50 13748.07 2711.45 3819.79 15401.29 8981.70 4645.20 9884.66 15430.46 4234.43 8574.59 18253.20 4082.59 802.36 17485.36 3917.85 1404.60 14431.69 3792.31 3302.59 11186.32 3709.99 5073.89 7354.99 4835.55 15416.96 671.29 5028.71 14184.15 11448.01 5517.81 6798.49 18041.80 5779.87 3281.12 16760.14 8450.81 13591.78 13407.10 8895.59 14584.20 10055.44 9340.37 15865.67 6752.19 9785.15 17261.94 17912.22 9329.92 7403.13 2381.21 9471.71 15913.03 10376.45 9861.21 10200.02 
15986.42 12568.73 5931.92 9340.70 12669.56 5448.28 16556.43 2782.06 7278.50 16699.79 3226.53 13589.39 18825.83 9695.75 9064.80 9305.18 8463.05 11567.69 12507.90 9940.71 9503.28 5933.86 9250.36 11282.12 10070.74 9410.20 11887.81 6354.10 13389.52 6139.09 16137.49 13329.72 13454.59 13269.07 13252.53 12444.13 13784.31 12468.24 0.00 14830.37 7700.74 10137.61 5885.13 12422.67 7573.19 7370.78 14143.18 11425.36 9443.18 13774.69 14333.41 11307.36 13399.91 17119.21 12487.36 13019.99 18197.96 12548.75 10988.89 10247.81 10911.69 11202.31 10505.93 11961.96 11344.25 9145.33 10336.47 11637.08 14129.83 8791.18 11189.22 11786.59 9096.19 10885.55 13647.93 9414.45 10579.61 15075.41 9877.28 10272.19 15403.74 10955.33 13767.94 10040.43 12433.61 14181.28 9707.67 8682.53 8407.33 19014.33 6852.39 7972.49 13650.18 6467.17 10088.84 11037.43 6708.13 9917.51 11204.80 7927.20 9746.56 10670.56 9841.64 9576.69 9589.03 5447.26 6383.77 10439.98 14849.08 5724.67 8769.84 6296.29 5333.68 16048.88 
4613.08 12030.03 13458.05 7933.27 11763.90 16538.30 3973.76 13110.13 8454.50 6820.74 12781.49 4823.50 4138.43 5275.15 8783.43 8374.14 13401.79 5156.97 5467.82 4909.18 13794.66 16103.91 5583.31 5392.41 7918.14 5449.97 6060.11 12271.99 9173.38 17567.55 1396.46 1716.90 5173.07 7496.82 2006.66 7039.84 6241.36 8936.09 14830.37 0.00 9512.38 10814.97 18637.18 8305.03 16183.14 13510.36 3591.36 3443.24 10162.93 3979.47 724.23 6873.64 4377.05 2324.98 3807.48 4781.71 5110.19 2728.31 7518.60 13210.37 8341.55 7088.38 11615.72 3043.69 6308.88 5816.53 6565.12 6350.36 944.69 11155.89 6894.01 9090.70 8574.74 7338.73 7586.77 6359.42 7783.45 5758.89 4963.24 8228.18 3882.60 14059.33 4395.11 12192.25 9442.31 4061.27 13508.64 6149.74 9091.50 4706.58 10288.58 9480.66 10089.75 9843.45 5246.47 12398.85 8280.60 5262.68 11408.71 7075.94 5307.34 10925.19 6406.57 5379.70 11048.83 12384.00 9019.80 14522.03 7345.30 9723.51 7600.79 8748.10 10000.04 8298.59 
8286.42 10741.91 13366.28 1714.29 10371.47 12865.74 8889.20 4920.80 9921.83 15567.29 4477.79 13601.24 12222.29 8225.00 1436.24 1608.56 6096.56 4428.21 4874.57 7518.60 16700.62 13412.69 6618.09 4164.81 2385.08 6286.35 4223.09 2887.02 7690.20 12788.12 10620.68 7945.41 5772.02 16619.82 7560.48 4906.37 15383.77 6161.11 7700.74 9512.38 0.00 17159.30 11865.28 5576.84 14307.86 5120.55 6768.62 8227.55 3238.60 6336.85 9697.47 3606.74 5906.30 10550.34 5737.22 5477.29 10579.32 6919.94 3345.05 17304.77 3615.64 3508.80 18169.34 7005.95 3714.28 5519.18 12258.75 3954.94 8585.75 15606.92 3488.92 5370.39 13233.07 3196.08 6660.16 10317.25 2938.08 7501.62 7370.17 2724.88 7783.31 11748.83 6197.85 17740.93 6606.77 6638.88 16979.69 6790.17 728.83 11316.26 12023.15 382.10 9281.14 10788.57 4885.89 18084.02 7733.57 5155.89 18901.78 4867.97 5443.85 17995.68 3161.85 5746.90 16602.29 12146.95 3307.85 11431.71 8013.90 3325.06 11305.63 4439.36 3701.77 16056.88 
