198
0.00 8929.67 7290.23 15560.14 13559.55 7973.42 8930.62 5181.31 11443.57 15385.63 9632.93 5235.98 6883.44 14177.33 7002.98 1923.49 6385.07 9520.96 15319.17 10348.01 5739.19 3225.79 14615.33 13382.69 8603.14 7618.75 12817.63 7683.40 11052.36 5303.69 15316.54 11004.33 14511.66 5218.19 11504.54 6409.85 7568.67 9285.38 5503.43 14534.07 10089.53 10655.49 8172.53 10468.97 2674.76 9209.08 10847.80 9873.49 7797.33 11225.49 9576.73 13955.75 11601.48 3038.65 6805.06 11975.16 12738.97 10770.72 12345.88 4492.91 11857.83 12712.86 6265.29 7450.00 13661.94 6512.95 12378.34 13393.42 14030.06 6816.54 13262.02 5076.71 8880.55 12383.08 7165.42 9242.69 13915.34 16035.29 9244.36 12962.02 9182.82 12479.34 11095.87 7022.16 6059.33 14262.53 12912.86 13343.39 12533.30 16704.61 14308.81 9805.38 7201.68 10323.56 14398.53 11206.88 12150.23 14102.15 9094.84 10790.06 15618.54 9214.51 5064.57 15644.54 11587.36 11570.99 15632.71 7559.07 16563.04 15583.34 11587.36 16617.63 10141.03 7956.57 11712.08 14803.46 18157.18 17360.63 9990.41 12058.52 9841.15 9395.29 17205.43 18475.58 5588.02 6853.11 4511.57 14051.63 10669.77 11084.46 13815.79 9808.52 11124.16 4479.95 17075.84 13343.39 8205.98 8165.91 19629.92 13026.81 6174.94 2373.68 3499.94 14072.76 17574.66 12449.79 13818.05 11193.80 12150.19 16066.18 11962.18 8482.54 13707.13 17020.68 13633.38 16030.96 3655.47 13191.96 4356.12 12532.57 12750.30 11440.46 11487.53 7730.25 13123.53 5096.44 7564.41 13830.91 15805.16 11424.31 13870.68 10790.06 10982.10 14180.80 10562.81 2965.99 4086.57 14679.99 3371.83 6919.63 5763.65 3785.68 5256.70 12217.76 7878.21 2070.67 10204.79 7643.60 14180.80 7726.91 7417.83 7085.23 13474.34 5484.22 7796.97 10772.39 7302.23 11383.05 
8929.67 0.00 12002.46 10034.62 17532.46 13321.39 9394.74 11032.84 12813.54 10174.81 1334.34 10757.54 10129.20 16733.34 5397.41 10848.18 10897.12 8166.66 9277.42 2668.68 8830.53 11330.93 15681.21 4472.91 9612.17 10722.79 5938.45 12027.38 4003.02 9162.77 6993.99 14081.92 11038.85 11454.00 4892.58 10369.38 13494.12 10444.03 8976.24 8304.60 6805.85 14231.17 14285.10 7113.00 11563.08 14157.89 7427.89 5582.30 8618.81 7749.29 16419.60 7871.96 8076.08 6309.38 15581.53 8407.27 10654.13 3321.11 8741.97 13337.66 13723.79 9079.35 9885.47 15477.97 9841.04 9787.26 13949.01 9588.80 7433.33 8158.99 10196.47 9384.64 1640.29 9178.24 10196.22 16996.23 8574.23 10844.09 786.16 11448.91 1442.50 7459.05 8543.39 10844.67 8145.23 7587.85 12355.32 9673.96 12693.23 8310.69 15924.71 7960.28 10291.47 15389.64 6655.63 9075.62 16709.41 14152.87 12257.49 14971.91 13906.75 6362.48 3929.90 14254.85 12186.84 7919.17 14593.05 15120.16 14321.34 14919.21 12186.84 14479.20 15230.70 11698.27 13607.96 5876.82 9362.97 13693.76 2001.51 8316.82 12064.42 16041.76 8355.79 12581.53 5605.85 8730.51 9400.32 5564.71 6205.35 11750.19 5549.44 2504.21 9054.46 5560.29 11285.20 11425.39 16683.92 9903.42 10704.15 5659.26 9362.97 9518.88 5745.95 6582.51 9823.47 5855.96 13549.42 9808.07 5987.89 14432.79 9627.68 3087.83 9356.19 8967.17 12137.21 10589.81 11707.19 12080.89 5077.39 8362.19 12014.31 19417.57 10545.10 4781.38 10129.61 11317.98 5212.52 9531.42 6878.77 11757.36 9626.82 7349.98 11654.36 8488.94 7049.57 10280.76 10544.72 5779.51 10293.45 13017.68 11941.89 10304.74 7830.74 11396.28 12856.66 7426.64 5223.83 12419.93 8488.94 16505.58 11982.77 15954.81 5811.41 10334.99 13109.42 15605.84 10935.73 12924.58 
7290.23 12002.46 0.00 16946.86 9174.27 11888.27 15594.98 11045.27 14750.01 8761.25 13336.39 2129.73 13275.81 10505.59 14011.53 6739.28 12330.94 16672.12 17399.87 14670.21 3284.01 4420.10 11836.82 14011.53 3068.23 13608.20 17630.00 12724.86 16003.78 3130.38 11704.47 13370.67 16795.43 2093.84 16892.53 12686.56 11347.41 15281.69 3219.65 18143.80 17335.46 3636.13 11164.69 17744.38 5980.38 12170.27 18137.74 7443.90 3606.65 18503.33 4447.80 18601.47 18815.47 7443.90 5378.66 19022.39 5980.38 10316.18 19053.56 5414.88 14052.12 18894.22 2166.90 4078.34 18136.31 2223.90 13977.74 18423.89 18189.31 3853.57 17830.90 11904.79 10527.91 18653.72 1845.60 5023.40 18815.91 16140.88 12783.05 16543.02 13343.39 19459.11 18095.90 1160.80 3889.43 18049.22 15633.08 18347.16 15231.30 11904.79 11707.80 17011.98 1756.13 3976.34 16882.88 5489.18 6229.10 13793.14 1825.78 4078.34 13470.27 6351.94 10372.93 13029.00 4363.13 18829.80 12587.48 3473.90 11959.61 12145.78 4363.13 10928.53 11834.59 854.19 4472.89 13662.72 12686.56 11080.56 14003.32 19160.89 2626.97 10515.60 12973.82 12337.56 12598.82 3284.01 3368.99 11933.58 17630.00 3961.04 11499.69 14455.34 17812.55 11289.37 15101.21 6280.30 8316.82 2543.17 12830.50 10196.34 12973.82 9218.90 9977.87 17214.98 15152.04 9327.06 14455.34 17303.15 8892.61 12425.12 5795.83 9065.73 18545.92 15481.62 6403.66 9183.65 8646.62 5977.22 10731.10 7184.59 5552.72 7783.64 16866.14 7290.99 17891.68 2202.54 6847.45 18353.12 13959.02 4297.11 18258.96 6510.48 3887.94 8681.82 6597.76 4324.89 3214.04 14275.90 3922.93 1332.39 1643.63 3529.80 4382.01 16408.43 907.01 9209.08 7991.01 473.16 8681.82 7565.84 143.85 7094.20 16875.68 2144.64 1111.95 11849.17 1120.87 4092.83 
15560.14 10034.62 16946.86 0.00 8205.47 8892.32 6667.76 10890.48 5210.85 8916.79 8779.72 19049.70 8853.70 6942.74 9071.75 15454.74 9564.48 6056.42 757.21 7531.45 18143.80 17460.56 5697.23 6426.02 15704.78 8238.72 4202.11 8603.14 6298.92 18716.18 7135.59 6287.93 1586.22 18521.14 5493.16 9392.66 9432.08 6472.98 18428.87 1778.33 5733.20 13317.41 9218.56 5308.16 15861.81 8038.18 4885.73 12742.15 16183.44 4466.70 13133.53 2322.23 4052.16 15563.33 13955.75 3643.68 11679.97 10384.24 3243.59 15319.97 5358.50 2855.45 18136.12 14511.53 1916.05 17859.93 5095.38 2168.64 2645.57 16847.67 2390.49 10558.37 11127.79 3177.64 17274.32 12902.26 1913.50 874.45 9339.36 3159.23 8962.56 3477.16 4479.36 17440.42 17435.93 2464.72 3694.26 2223.90 4202.34 6335.26 5910.26 5794.04 17248.59 13146.64 3455.49 12935.21 10913.19 4284.69 15265.16 12929.46 3919.41 13782.43 12549.97 4318.43 12853.44 4111.67 4724.44 14856.73 5096.44 5135.74 12853.44 6054.61 7740.54 16434.47 12503.56 5903.87 5086.20 5866.54 8154.28 3580.62 14579.32 8999.75 5240.87 4622.03 10481.15 17118.59 19408.34 7602.32 5414.77 13378.79 8030.04 7917.92 4436.50 11793.86 1845.75 11124.16 11106.12 16209.10 4447.80 9316.89 9446.74 13337.36 13103.79 3464.55 2263.42 10176.21 3913.34 4422.40 10605.85 4760.31 12300.39 12365.20 1862.77 2459.01 10821.86 8345.09 13131.17 11265.67 12337.03 11344.53 11709.44 10004.18 4268.59 14002.25 2515.67 18665.86 14403.25 1730.23 5096.44 13040.49 1689.58 12737.85 13484.02 9634.03 12830.30 18288.71 19203.70 5481.02 18721.53 16688.61 17960.22 19142.46 17660.48 3831.64 16149.24 13800.36 12217.76 16507.63 9634.03 11877.75 16846.52 12546.37 4227.77 18982.12 16095.92 7398.35 17159.64 12960.59 
13559.55 17532.46 9174.27 8205.47 0.00 8170.77 11136.47 10940.62 7201.29 7870.82 16722.05 10903.11 11227.90 1334.34 15544.76 11645.65 10716.41 11966.96 8934.54 15663.91 12447.12 10960.13 2668.68 13084.88 10700.77 10462.07 12398.33 9331.45 14499.99 12289.29 10632.65 6299.47 7621.29 10324.60 13694.64 11169.14 8179.05 10095.18 12393.80 9982.07 12875.72 5973.27 7343.22 12462.77 10907.33 7025.42 12048.13 13613.42 11877.80 11632.17 4928.23 10519.00 11215.21 15987.79 6817.80 10797.54 8241.22 14839.60 10379.41 9109.25 6221.03 9961.07 11322.69 6578.94 8974.13 11322.69 5779.61 9284.86 10839.06 12667.62 8804.75 12447.14 17028.09 9998.46 10734.56 4791.18 9962.25 7336.61 17186.52 7805.16 17062.45 11377.55 11022.94 10232.03 12965.29 10641.12 7004.79 9229.18 6852.63 9272.61 2576.62 12028.37 10639.41 5227.17 11299.08 10166.87 3051.69 4763.62 8267.63 5307.23 4334.55 13260.80 18547.26 3908.39 7315.40 11356.26 3486.23 6754.25 3368.99 3069.75 7315.40 3058.22 5770.60 9174.27 6013.32 11657.94 8170.77 3838.77 16212.05 10840.82 8127.70 5535.07 9177.57 4980.72 16024.09 12137.64 12316.68 12057.41 13105.38 7897.28 12133.66 16103.81 10580.30 16569.84 6654.13 7335.49 5659.26 10615.80 6834.84 12297.82 12141.11 12869.49 16692.08 11464.57 7918.90 12349.99 5501.77 9910.27 12358.24 3470.76 9416.09 16347.83 9375.68 8769.12 6574.66 7335.28 10686.41 6788.04 17241.90 10300.29 7014.40 2133.40 9162.27 15359.79 8912.57 10473.99 15053.42 9183.74 10665.43 7756.76 9088.24 11783.27 8020.92 9676.00 12122.33 11912.32 11414.31 11781.95 11810.97 8508.30 9755.21 11701.10 13553.80 8137.28 8267.44 15032.59 13748.07 8705.16 9676.00 5955.62 9143.09 6535.78 12229.65 11189.15 8101.55 5159.75 10054.02 6754.25 
7973.42 13321.39 11888.27 8892.32 8170.77 0.00 4408.31 3058.81 3715.91 15867.44 12578.95 11211.13 3194.16 7665.53 7923.98 6805.49 2545.68 5859.02 9279.96 11758.02 12973.82 8570.28 7254.98 14053.71 14904.02 2641.85 10339.17 1306.62 10889.73 12404.97 16027.80 3030.94 7328.53 10568.35 10297.17 3017.00 555.97 3590.47 12686.56 9446.74 7444.77 11940.97 991.83 7365.34 6996.43 1306.62 7299.20 17797.58 14904.02 7246.86 9184.69 9331.91 7208.74 10732.13 6629.54 7185.12 16034.90 16621.42 7176.21 6671.70 3906.97 7182.07 12776.12 8132.86 7371.91 13056.48 4408.31 7335.11 9860.37 14268.99 6776.29 4307.66 14690.44 6837.22 13308.40 8253.08 8627.92 8779.84 12809.20 5737.15 12138.88 8449.36 6435.08 12680.11 13589.07 9924.39 5274.46 7227.67 4798.16 15066.91 7006.27 6197.26 13265.81 10669.37 11221.07 17156.90 9986.24 6141.64 12977.98 11284.43 7697.53 17156.90 10674.76 7818.48 14262.13 7330.41 7949.65 8776.10 9181.68 8090.24 14262.13 10028.85 2511.57 12686.56 12907.42 14429.39 13587.01 10765.12 12176.18 7328.53 13609.70 2738.02 14053.71 10855.88 7907.92 14011.53 11565.73 16195.82 8358.73 14511.45 16635.72 11499.80 6003.06 8450.89 9457.23 15281.98 4119.35 14338.58 12308.02 17944.17 4015.86 5825.07 9050.72 10917.21 10951.09 18786.92 5859.02 5415.16 19172.20 8447.65 16924.94 15459.32 7783.64 11345.41 14557.96 15206.77 4454.92 14627.51 9241.52 18343.81 14670.01 7283.95 5064.51 15547.08 6706.68 10582.81 15477.58 7751.32 13884.51 14630.57 7711.75 18347.16 14562.49 17652.29 18306.03 9499.64 10334.62 13840.15 9879.40 10579.22 10606.85 10259.34 12977.98 5111.06 11547.48 7876.21 17968.78 11781.73 17652.29 4681.19 12009.50 4948.18 11229.52 11770.49 11235.24 3194.16 12833.02 13476.79 
8930.62 9394.74 15594.98 6667.76 11136.47 4408.31 0.00 4549.89 3972.20 15552.03 8382.05 13977.74 2322.71 10055.03 4408.31 8974.21 3273.91 1457.10 6608.86 7401.79 14572.45 11281.07 8972.88 9800.69 17460.56 2063.91 6193.87 3225.79 6481.51 14207.42 12655.83 4876.26 5640.68 13656.85 5920.08 2910.43 4843.12 1064.87 14374.40 6207.61 3041.29 16289.47 5362.67 3006.24 9654.40 4833.57 3031.72 14971.33 16394.04 3116.24 13572.53 5828.40 3255.18 10237.15 10895.95 3441.93 18347.16 12423.28 3669.13 10237.15 4936.78 3929.71 15194.27 12444.72 4751.86 15443.40 5427.31 4512.34 6232.66 15341.87 4331.71 3891.82 10999.78 3561.87 16085.89 12646.36 5385.69 7112.01 8729.95 4295.27 8025.68 4526.73 2500.94 15822.18 14656.59 6384.96 4686.36 4447.80 4598.24 12526.62 8890.15 1813.83 16113.82 15021.71 7455.75 18419.03 13825.29 6897.52 17176.45 15584.25 8193.03 15596.02 8353.56 8566.15 18419.03 3324.02 8941.36 13072.59 10118.49 9318.07 18419.03 11294.98 5835.98 16442.83 17009.46 10570.13 11617.16 11618.93 7886.35 3572.26 17935.30 6790.58 11444.81 10809.36 5196.74 15594.98 13441.37 12143.98 3972.20 18873.68 12532.49 7211.58 2311.73 6374.58 8192.50 17692.38 8521.19 17087.62 11110.72 13675.84 2779.87 6671.70 7588.09 7082.46 8889.08 14409.83 6193.87 2263.42 14764.21 9363.41 18560.45 12291.66 4884.56 8791.90 17156.09 15011.32 6949.14 17561.34 7219.61 17020.68 17951.18 11147.39 2662.19 13533.57 4192.91 13592.01 13820.66 4973.26 10436.85 18862.92 4996.10 16725.16 18950.22 15724.88 16439.59 11684.72 12816.46 9940.41 12128.74 14491.29 13984.69 12572.71 13782.43 3621.05 15608.16 7488.47 14611.40 15691.93 15724.88 9083.85 15738.10 9291.36 7161.24 14347.97 15328.73 6258.75 16085.38 17710.77 
5181.31 11032.84 11045.27 10890.48 10940.62 3058.81 4549.89 0.00 6263.45 18807.37 10743.53 9568.94 2233.39 10639.63 5979.76 4570.29 1334.34 5767.13 11007.97 10423.57 10764.61 6800.37 10312.43 13705.91 13423.91 2668.68 10528.31 2504.37 10086.49 10253.41 17017.50 5974.44 9516.90 9150.39 9859.11 1643.52 2854.96 4447.80 10498.18 10737.60 7120.38 12827.19 3667.06 7271.71 5142.01 4364.97 7435.48 14754.44 12858.37 7610.58 10258.38 10377.90 7795.94 7717.41 6945.57 7990.47 16945.32 14226.93 8193.15 5752.50 6746.31 8402.97 10992.12 8450.88 9040.59 11274.40 7296.30 8869.66 10776.57 11946.20 8510.25 1684.34 12054.37 8025.61 11784.50 9396.07 9900.75 11075.84 10761.68 7892.12 10219.45 9048.01 7050.77 11370.00 11194.05 10933.73 7741.31 8784.40 7352.11 17072.02 10059.78 6146.77 11784.50 11723.75 11949.81 16204.47 11975.49 9086.88 12705.16 12404.85 10661.59 14314.81 7766.20 10826.57 14978.97 7853.32 10988.08 8993.96 12234.27 11145.39 14978.97 13080.31 5546.56 11893.25 14074.54 14857.46 15975.52 13823.90 10586.55 8121.84 13522.93 5422.04 15975.52 13834.90 5434.44 11893.25 9396.79 16020.55 8052.81 14832.83 16248.28 9987.79 6829.16 5630.74 11981.57 16834.32 5745.95 12891.76 15022.92 16692.08 2218.51 2864.12 6042.31 11563.65 13148.06 16737.12 8689.73 6579.08 16677.90 11488.63 16776.92 12515.76 9289.00 13231.50 16409.46 18234.57 2399.64 16210.90 6340.95 17706.30 15977.51 9570.16 6624.27 12497.80 8393.91 9101.31 12461.16 9338.29 14931.97 15122.38 9338.29 15959.78 14800.10 19314.27 15710.90 7398.40 8461.18 14248.32 7835.64 9992.30 9440.87 8273.25 10425.52 7156.72 11132.38 4818.97 14916.68 11163.29 19314.27 5899.13 11188.52 5738.22 11509.45 10025.67 10881.68 6232.93 11612.12 14314.81 
11443.57 12813.54 14750.01 5210.85 7201.29 3715.91 3972.20 6263.45 0.00 13039.31 11563.63 14750.01 4928.65 6083.16 8358.73 10499.86 5126.05 4811.34 5676.56 10305.49 16672.12 12252.17 5032.65 11119.49 17590.59 4077.63 7648.60 3760.17 9045.89 16099.63 12329.89 1382.40 3630.14 14032.25 8208.41 5240.65 4239.50 2990.54 16384.95 6056.42 6019.66 12913.79 4020.79 5700.63 10709.28 2851.88 5394.20 17791.19 18335.44 5102.82 10709.28 6115.72 4829.41 13728.73 9459.31 4577.33 14990.29 14961.98 4350.45 10188.09 982.27 4153.03 16281.37 10672.46 3933.16 16533.10 1457.10 4002.60 6671.70 17970.91 3357.49 6752.12 14440.39 3916.91 16533.10 9933.15 5333.15 5064.71 12047.42 2116.15 11371.14 5751.27 4280.48 15821.12 17304.77 6664.91 1559.54 3891.82 1103.15 11371.14 4928.65 4939.31 16458.29 11821.17 7997.23 16997.61 10075.55 3094.97 14950.37 12176.66 4598.44 18903.14 12311.80 4883.24 14512.68 4985.52 5186.22 11278.09 6450.60 5504.22 14512.68 7567.07 2918.69 15319.45 13201.66 11005.08 9930.81 8073.18 10935.13 4695.63 15123.20 4246.96 10339.17 7677.33 9141.22 17630.00 15274.31 12762.48 6623.66 15098.35 13201.07 10339.17 3765.39 10234.95 5796.51 14072.76 6465.67 17214.98 8777.82 14513.32 5859.02 9111.46 11325.36 7783.64 7236.66 15383.32 2515.98 3008.97 15815.90 5660.91 16138.78 15900.29 4417.83 7645.63 13374.03 12333.92 8129.92 13711.25 11099.88 16038.41 14039.48 7618.10 2289.58 17441.24 3335.85 14079.77 17775.45 4330.58 10289.30 14950.58 4267.75 17786.26 15221.30 14402.61 17969.68 13214.00 14001.15 10494.13 13586.75 13451.47 13914.23 13953.47 16648.54 1679.65 14072.01 10747.00 17235.21 14452.78 14402.61 7237.34 14826.22 7783.64 8315.94 15327.62 13769.12 2939.25 15862.06 13943.43 
15385.63 10174.81 8761.25 8916.79 7870.82 15867.44 15552.03 18807.37 13039.31 0.00 10399.90 10500.40 17752.81 8218.32 15086.72 15485.64 18155.74 14585.24 8943.18 10608.25 9650.61 13164.42 8639.53 7205.89 6820.14 17019.56 10043.17 16678.38 10790.84 10107.06 3813.18 13107.57 10121.67 10789.75 10894.19 18230.77 16001.80 15346.60 9893.42 9402.37 13438.17 6432.91 15175.38 13208.89 14735.63 14578.75 12967.34 6291.92 7589.14 12715.02 8829.05 9847.14 12453.34 13202.27 12215.11 12183.59 2809.35 6995.87 11906.96 13741.00 12423.28 11624.56 9224.89 10783.57 10827.40 8957.86 11856.54 11049.41 9526.99 8583.49 11296.45 19309.73 9167.13 11990.54 8361.54 9643.82 10197.31 8575.83 10415.57 11681.95 10930.59 11279.89 13130.51 8655.60 9339.36 9340.28 11670.50 11119.49 11997.67 3291.85 8875.67 14225.57 8342.72 7425.86 8500.82 4182.11 6925.82 10057.07 6985.42 6753.62 8490.55 6581.65 13433.35 8273.20 4517.68 12425.95 8062.51 10298.66 6789.83 7859.49 4517.68 5857.49 13356.41 7948.79 5160.25 5906.04 3945.81 5162.37 10506.75 12066.30 6159.25 13397.61 4260.82 5362.32 15756.42 8532.94 10931.57 5005.38 12559.02 4813.85 4837.84 11074.46 13247.81 15589.23 7566.91 2548.49 13108.24 7296.91 4529.44 4518.48 18294.46 17747.59 15111.56 8895.76 6671.70 4479.25 10538.22 13337.36 4514.38 7561.51 3428.24 8661.81 10668.43 6773.00 2746.66 709.53 17172.77 3049.86 14864.11 3040.60 3382.29 9256.04 13131.17 8535.48 11427.15 10865.26 8521.78 10584.79 5612.28 4487.30 10566.53 4868.62 4877.84 1822.90 5160.25 12786.81 11660.43 6473.63 12342.11 9646.17 10404.10 11897.40 10167.28 12425.95 8507.58 16178.21 6191.89 8559.30 1822.90 13015.38 8618.09 13248.09 9083.85 10118.56 8718.95 12673.28 8390.53 5066.59 
9632.93 1334.34 13336.39 8779.72 16722.05 12578.95 8382.05 10743.53 11563.63 10399.90 0.00 12047.19 9461.33 15646.32 4808.90 11494.98 10347.08 7061.17 8024.58 1334.34 10156.79 12346.70 14471.48 3809.57 10874.47 9937.11 4631.77 11273.78 2668.68 10474.47 6841.07 12876.68 9719.40 12722.50 3558.24 9796.73 12854.23 9397.65 10295.69 7025.81 5612.48 15338.80 13570.22 5884.28 12307.68 13214.51 6170.31 6673.95 9921.33 6468.49 17735.76 6569.47 6776.99 7308.83 16437.61 7094.20 11403.84 4071.76 7418.74 14125.54 12444.59 7749.40 11218.13 16678.85 8508.10 11121.57 12639.48 8254.55 6151.54 9490.38 8862.73 9059.20 2884.91 7856.96 11525.71 18319.17 7255.63 9611.97 566.47 10121.39 537.02 6125.49 7283.17 12178.05 9477.58 6318.01 11029.62 8339.62 11379.48 8009.71 14689.95 6817.11 11620.64 16567.97 5482.65 10047.27 17309.17 12830.54 13515.60 16061.29 12688.48 7548.39 4577.09 13063.81 13136.85 6619.69 13434.33 16393.68 13357.51 13798.98 13136.85 13743.00 14156.45 13015.51 14530.77 5311.90 8817.67 13036.57 667.17 6999.58 13249.51 15168.11 7824.69 11790.00 5388.07 10061.82 10668.71 5468.19 4940.12 12774.45 5573.93 1228.17 7798.69 5703.77 10148.56 12066.53 16467.29 11194.92 10016.78 6028.67 8817.67 9765.62 6220.00 5365.44 8806.32 6428.08 12217.15 8555.67 6651.11 13341.14 10493.42 4363.29 8025.42 7954.25 12711.99 10686.85 11889.69 12744.34 5433.37 9093.78 12762.51 18775.98 9278.86 6093.88 8796.96 12582.08 6529.62 8201.99 6218.81 12731.15 8297.68 8344.71 12692.34 8890.12 8071.05 11368.60 11750.31 5068.27 11432.82 14340.52 13232.31 11490.10 9142.24 10093.76 14186.72 7883.03 6252.77 13751.53 8890.12 16607.31 13315.49 16259.93 4590.27 11644.12 14442.43 14437.23 12265.69 13908.67 
5235.98 10757.54 2129.73 19049.70 10903.11 11211.13 13977.74 9568.94 14750.01 10500.40 12047.19 0.00 11707.80 12189.34 11888.27 5023.40 10902.94 14750.01 19443.57 13330.21 2129.73 2779.87 13467.87 14011.53 3889.43 12236.91 16672.12 11689.86 14599.33 1653.57 12748.32 13528.24 18116.49 766.81 15430.99 11142.55 10657.38 14015.44 1898.60 19049.70 15207.12 5743.58 10745.84 15622.88 4447.80 11901.23 16033.48 7443.90 3699.88 16437.09 5980.38 18601.47 16831.01 5414.88 5548.00 17211.11 7696.74 10025.52 17570.91 4573.07 14411.63 17899.98 1565.41 4777.64 18564.19 1845.60 14572.45 18436.99 18189.31 3299.44 17977.91 10103.60 9546.84 17538.71 2223.90 6280.30 19063.30 18189.31 11482.14 16866.10 11904.79 17499.34 16316.66 1845.60 2896.49 18325.16 16140.88 18347.16 15635.14 13343.39 13275.81 15041.22 2217.51 5906.52 17127.23 6671.70 8145.45 15075.50 3874.20 6120.82 15224.61 6351.94 8420.77 14808.66 6351.94 16789.03 14389.26 4363.13 13959.02 13967.17 6351.94 12995.38 12003.74 2722.12 6597.76 14274.69 14425.76 13197.95 12689.88 17292.97 4605.27 10693.07 14455.34 14467.08 10470.73 2880.51 1413.62 12510.14 15561.52 5865.09 12068.40 12973.82 16275.28 9166.86 17214.98 8165.91 8507.27 3335.85 14839.03 10742.50 11211.13 7335.31 7864.73 17214.98 17139.59 9858.30 15561.52 16144.80 9416.20 14321.42 7214.10 8221.18 18854.29 17229.11 8400.24 11019.04 7227.67 7960.82 8639.37 8336.02 7521.66 9183.65 16132.84 6502.12 17891.68 682.93 6075.29 18903.14 14933.55 6206.54 18890.63 7143.35 5769.35 10007.54 7106.63 2316.29 1171.35 14779.10 1881.25 2395.91 1185.28 1451.93 2954.00 16315.21 2903.26 7094.20 7991.01 2555.20 10007.54 7722.10 2239.52 7094.20 16495.68 578.43 2954.00 12251.43 2115.11 6179.29 
6883.44 10129.20 13275.81 8853.70 11227.90 3194.16 2322.71 2233.39 4928.65 17752.81 9461.33 11707.80 0.00 10496.18 4733.11 6685.13 1043.99 3556.84 8876.94 8811.63 12622.35 8974.21 9749.55 11762.00 15454.74 859.82 8357.70 1923.49 8203.23 12170.27 14879.35 5191.58 7632.71 11344.53 7832.76 589.89 3397.46 2406.28 12382.38 8527.56 4991.06 14754.71 4158.68 5094.06 7336.22 4209.92 5225.13 15161.18 14668.40 5382.09 12026.00 8149.74 5562.63 8803.29 8923.10 5764.37 19081.86 13441.37 5985.01 7967.10 5689.53 6222.33 13039.22 10472.24 6952.89 13310.07 6258.75 6747.83 8543.22 13653.18 6466.79 1857.79 11518.36 5848.15 13886.55 11106.27 7700.03 9176.98 9643.82 6088.38 8992.80 6816.54 4821.21 13539.17 12902.26 8701.64 6172.50 6671.70 5896.95 14848.67 9570.41 3938.67 13899.01 13539.38 9727.96 18044.48 13167.22 8012.09 14930.27 14205.14 9525.81 15226.37 7799.98 9808.08 17058.61 5620.30 10090.94 11059.19 11366.87 10373.56 17058.61 12446.41 5458.01 14121.17 15900.65 12737.67 13895.65 12998.40 9132.80 5893.92 15741.45 5929.69 13766.92 12532.57 4797.62 13734.79 11344.53 14146.45 5942.33 17020.68 14477.34 8471.95 4622.03 5566.29 10192.41 18475.58 7070.42 14967.34 13223.47 15385.73 964.77 4529.44 6476.24 9345.31 11110.72 15888.67 7439.61 4447.80 16096.57 10576.21 18845.33 12454.42 7146.80 11084.46 17746.83 17111.22 4629.46 17812.59 6420.85 18475.58 17793.20 10477.43 4622.03 13096.40 6338.66 11285.56 13222.49 7216.07 12714.45 17281.48 7227.35 16915.95 17002.29 17944.42 16579.69 9455.92 10564.94 12113.28 9900.24 12218.12 11662.02 10344.57 12056.21 5346.69 13354.36 5834.29 15053.25 13395.90 17944.42 7454.47 13419.27 7485.52 9339.36 12121.77 13095.45 6075.17 13792.76 16315.80 
14177.33 16733.34 10505.59 6942.74 1334.34 7665.53 10055.03 10639.63 6083.16 8218.32 15646.32 12189.34 10496.18 0.00 14424.34 12265.13 10159.99 10753.34 7685.04 14464.19 13781.02 11964.58 1334.34 12312.34 11950.68 9674.55 11144.80 8688.00 13237.99 13613.56 10370.54 5359.62 6290.78 11579.43 12407.46 10544.61 7788.45 9050.29 13724.31 8720.47 11570.90 7276.99 6972.89 11151.17 11645.30 6414.60 10730.84 14357.82 13142.80 10310.13 6209.99 9238.31 9889.26 16980.54 7712.24 9468.46 9108.87 14872.91 9047.93 9920.11 5121.74 8627.91 12656.65 7704.80 7640.61 12656.65 4630.93 7950.68 9587.60 13973.98 7472.70 11960.19 16946.04 8670.98 12063.59 5979.45 8653.89 6084.22 16176.20 6500.33 15893.28 10048.53 9724.74 11566.33 14295.59 9399.67 5727.53 7894.84 5616.81 8958.85 1260.06 10783.17 11968.79 6561.32 10163.67 11108.45 4370.72 3454.04 9579.79 6626.58 3035.35 14217.06 18296.16 2624.52 8446.70 10028.71 2225.91 7949.40 2445.33 1847.48 8446.70 2620.38 5161.34 10505.59 7216.38 11002.25 7665.53 3455.20 15062.91 9509.49 9397.47 5274.78 8644.75 4299.75 15171.12 13453.83 13601.03 11739.24 11772.99 9052.58 11907.25 14860.23 9296.88 16055.84 5498.07 8178.31 5987.89 11903.02 6222.50 12358.24 11450.54 12981.71 16677.90 10290.36 6910.44 12605.91 4199.19 8650.57 12711.31 2312.05 10302.86 16874.74 8046.30 7766.99 7429.36 7594.95 10887.56 7707.15 16889.40 10957.11 7991.97 3133.72 7913.09 16375.91 7581.93 11726.34 16142.73 7854.75 9965.87 8877.85 7758.96 12606.65 9180.39 10037.26 12946.28 12996.84 12618.81 11013.00 12950.12 9801.96 11025.62 12888.17 14886.67 6872.28 9598.60 15221.67 14369.87 10037.34 10037.26 6452.76 10476.07 7107.87 11064.21 12499.83 9427.54 4491.20 11387.18 7949.40 
7002.98 5397.41 14011.53 9071.75 15544.76 7923.98 4408.31 5979.76 8358.73 15086.72 4808.90 11888.27 4733.11 14424.34 0.00 8253.08 5552.63 3715.91 8569.57 4479.15 11211.13 10214.40 13243.84 7923.98 13589.07 5345.08 5859.02 6632.40 4468.01 11119.49 11306.15 9262.53 8872.53 12097.17 4641.54 5008.44 8116.83 5452.59 11142.55 7628.98 3360.97 17616.40 8891.60 3800.82 9184.69 8829.10 4241.58 10732.13 12386.11 4683.00 16034.90 7026.95 5124.90 6671.70 12637.59 5567.17 16034.90 8708.93 6009.71 10732.13 9334.07 6452.46 12239.58 13918.26 7550.15 12357.19 9800.69 7218.43 7037.11 11445.52 7471.53 4307.66 6846.05 6263.97 13056.48 15281.98 7178.82 9860.37 4928.37 8118.59 4307.66 5627.65 4993.26 13308.40 10943.34 7271.28 8779.84 7227.67 8828.97 12138.88 13209.59 3755.59 13137.70 17229.12 7489.29 14262.13 17889.03 11083.66 15567.29 17778.89 12084.00 11209.56 4103.48 12514.58 17156.90 5030.89 12944.32 14262.13 13884.51 13373.00 17156.90 15011.32 10009.26 14425.76 18306.03 9324.43 12281.38 14937.07 4607.01 5589.33 16014.59 10650.57 11499.80 13665.83 1433.67 11888.27 10683.18 10083.39 3715.91 16552.92 10274.28 4015.86 5322.83 2722.19 10917.21 16820.92 11659.30 13532.66 12794.86 10837.52 4015.86 5825.07 4039.57 7130.03 10615.73 11197.42 10339.17 5871.52 11370.33 13260.73 14939.49 7976.77 7334.98 10020.42 17510.74 15206.77 7573.10 17477.76 3335.85 13758.92 17373.24 15206.77 6573.78 9125.36 7334.98 11957.72 9420.84 7513.71 9871.01 16720.85 7591.26 12575.29 16424.61 13695.65 12246.40 9871.25 10881.97 8829.10 10212.66 13906.81 12684.68 10553.65 10154.72 7628.98 14763.74 4948.18 10485.91 14442.95 13695.65 11877.48 14110.21 11692.48 6643.95 11899.19 14740.63 10535.12 13562.62 17616.40 
1923.49 10848.18 6739.28 15454.74 11645.65 6805.49 8974.21 4570.29 10499.86 15485.64 11494.98 5023.40 6685.13 12265.13 8253.08 0.00 5902.04 9933.15 15560.14 12089.72 6280.30 2322.71 12800.70 15281.98 8853.70 7234.50 14072.76 6883.44 12606.27 5739.19 16974.48 9751.53 14013.77 4695.91 12893.55 6119.44 6316.12 9011.61 6001.32 15138.09 10896.22 9586.36 6764.25 11197.25 933.23 7901.81 11495.07 11211.80 8353.07 11788.77 7989.08 14668.40 12077.37 4853.91 4961.83 12359.83 12678.87 12560.62 12634.98 2674.76 10675.73 12901.59 6422.12 5809.95 13607.89 6705.02 11124.94 13424.45 14930.27 7535.75 13080.37 5166.41 10770.72 12529.89 7222.51 7522.52 14346.95 15542.50 11134.54 12375.65 11022.29 13198.55 11413.73 6855.77 6816.54 15136.17 12056.21 13343.39 11595.66 18157.30 12492.56 10279.30 7227.35 8977.98 15712.45 11636.19 10520.76 12678.69 8543.22 9542.85 14050.35 10365.81 6957.23 13976.18 11068.55 12094.52 13880.53 6042.50 14679.99 13764.52 11068.55 14702.66 8637.20 7539.75 10790.06 16724.68 19425.19 15472.60 11800.44 12475.33 9361.02 7714.30 19050.32 16563.04 6940.59 7392.74 4877.00 15868.69 11657.39 10700.09 15578.00 11543.13 11285.56 6051.44 16254.91 13015.38 6322.89 8325.23 18475.58 14599.55 6248.16 2548.49 5285.30 15333.58 17692.38 13888.29 12575.48 11124.16 13521.08 14266.76 12231.44 10247.83 13830.91 17766.06 13056.70 15918.52 2373.68 12656.46 6106.76 13223.47 12253.68 9537.66 11193.80 9254.74 12964.14 4622.03 9010.76 13893.65 17708.22 11035.02 13899.01 11712.08 10626.71 14938.38 11559.62 2835.18 3894.30 16563.04 3268.08 5985.02 5096.44 3703.57 6172.50 11662.02 7086.87 3667.74 11629.53 6976.56 14938.38 5812.47 6881.38 5163.59 14897.02 5458.94 6919.63 9209.08 7113.50 10655.49 
6385.07 10897.12 12330.94 9564.48 10716.41 2545.68 3273.91 1334.34 5126.05 18155.74 10347.08 10902.94 1043.99 10159.99 5552.63 5902.04 0.00 4579.79 9673.65 9784.73 12054.24 8132.22 9598.06 12802.63 14755.24 1334.34 9389.00 1508.09 9230.44 11556.68 15905.37 5074.51 8221.18 10474.62 8875.53 554.40 2604.66 3113.46 11793.91 9421.80 6033.83 13728.23 3423.30 6128.21 6470.84 3746.49 6243.03 15481.27 14145.39 6377.04 11020.95 9083.39 6528.87 8670.14 7880.93 6697.12 18042.60 14214.75 6880.36 6967.46 5734.19 7077.16 12321.98 9428.87 7707.06 12603.18 6302.06 7535.41 9503.44 13197.16 7180.21 1808.70 12169.65 6699.40 13118.80 10109.73 8580.69 9781.62 10479.18 6611.04 9856.95 7799.18 5767.41 12699.06 12440.47 9649.85 6534.51 7450.06 6183.14 15754.79 9380.81 4961.84 13118.80 12530.28 10724.63 17527.01 12336.81 8100.46 13928.03 13202.52 9665.45 15282.36 8157.27 9888.17 16016.99 6597.16 10111.32 10015.24 11389.48 10334.09 16016.99 12370.87 5005.34 13183.45 14902.45 13774.10 14650.57 13026.22 10066.17 6831.64 14728.15 5242.91 14650.57 12798.26 5377.63 13183.45 10705.11 15186.14 6985.75 15984.80 15508.62 9417.90 5518.92 5920.39 10725.34 17602.87 6140.17 14225.62 13781.95 16347.83 1539.03 4016.39 6625.52 10347.09 11825.56 16745.08 7619.70 5246.57 16874.74 10610.85 18103.83 12927.73 7955.62 11897.26 16966.49 17446.30 3709.59 16923.56 6731.01 18829.38 16823.53 9715.22 5296.10 13274.20 7062.47 10428.93 13319.37 8003.99 13709.14 16239.03 8003.99 17002.06 15972.35 18982.11 16703.12 8725.40 9794.59 13147.98 9164.30 11223.59 10746.53 9603.30 11639.99 5869.70 12351.52 5688.21 15498.48 12418.39 18982.11 6472.10 12473.16 6466.81 10369.42 11359.27 12084.23 5669.13 12937.93 15282.36 
9520.96 8166.66 16672.12 6056.42 11966.96 5859.02 1457.10 5767.13 4811.34 14585.24 7061.17 14750.01 3556.84 10753.34 3715.91 9933.15 4579.79 0.00 5819.40 6003.85 14750.01 12252.17 9534.09 8358.73 17304.77 3477.17 4811.34 4681.51 5032.67 14530.17 11326.31 5945.77 5392.47 14600.32 4463.98 4138.03 6299.90 2358.02 14622.61 5210.85 1585.94 17625.31 6802.80 1567.48 10709.28 6197.04 1669.28 13728.73 16101.75 1871.81 14990.29 4740.77 2146.74 10188.09 12337.76 2469.99 17312.34 11043.94 2825.00 11518.36 5790.39 3201.20 15634.09 13890.76 4224.22 15821.12 6193.87 3921.88 5064.71 15149.65 3974.08 4769.43 9801.67 2896.03 16533.10 14072.76 4460.49 6671.70 7456.06 4420.98 6752.12 3312.67 1577.20 16533.10 14600.32 5246.46 5064.71 3891.82 5136.61 11371.14 9515.23 382.10 16594.87 16391.97 6183.24 16997.61 14885.92 7369.18 18455.55 16888.94 8417.47 14512.68 7819.09 8836.24 18903.14 2162.15 9255.66 14512.68 10289.30 9675.49 18903.14 11461.99 7098.85 17446.20 17969.68 9199.47 10671.35 11597.91 6524.59 2568.89 19282.92 8150.97 10339.17 10555.78 4848.75 15561.52 13899.37 10717.95 2515.98 19396.93 11096.47 5859.02 1714.29 6157.10 7783.64 17075.84 9962.62 17214.98 10440.55 12220.64 3715.91 7465.13 7472.05 5796.51 8128.41 12953.91 6623.66 2162.15 13313.18 9606.24 17129.35 11182.75 4193.96 7870.13 16875.34 14173.88 8129.92 17317.25 6922.42 15575.73 17758.12 12333.92 2858.58 12630.29 3829.59 14506.97 12981.94 4330.58 9165.35 19059.80 4381.00 15374.38 19458.80 14402.61 15120.81 12441.72 13585.01 8571.51 12870.60 15753.45 15029.57 13298.38 13769.12 3913.34 16896.64 7783.64 13312.78 16883.82 14402.61 10538.22 16813.76 10747.00 5790.39 14991.57 16648.54 7439.61 16813.89 18696.11 
15319.17 9277.42 17399.87 757.21 8934.54 9279.96 6608.86 11007.97 5676.56 8943.18 8024.58 19443.57 8876.94 7685.04 8569.57 15560.14 9673.65 5819.40 0.00 6783.26 17601.40 17781.23 6449.91 5746.10 15578.59 8339.34 3464.55 8853.70 5565.59 18143.80 6767.27 6841.35 2148.43 19257.88 4777.63 9440.71 9830.50 6560.26 17866.66 1055.51 5289.93 13841.37 9696.28 4885.85 16115.69 8527.56 4487.79 12200.49 15845.89 4097.59 13858.19 1637.04 3717.79 14908.93 14668.40 3351.97 11747.16 9725.89 3005.32 15861.81 5932.37 2685.31 17956.33 15268.09 1983.75 17669.71 5718.74 2138.58 1905.03 16351.87 2553.25 10481.72 10384.24 3047.73 17236.31 13653.18 1416.06 1601.05 8583.49 3569.26 8214.46 2942.16 4258.78 17598.24 16847.67 1715.11 4222.55 2223.90 4733.37 6121.98 6665.75 5520.39 17237.68 13783.05 2717.00 12791.56 11575.57 5020.22 15614.86 13514.38 4669.66 13273.68 11877.75 5062.74 13116.20 3749.70 5462.12 15611.44 5763.65 5866.44 13116.20 6663.49 8336.31 16751.86 12929.46 5344.97 5019.05 6400.14 7401.88 3263.22 14865.89 9624.04 5010.57 5096.44 9996.96 16715.64 18665.86 7087.50 4865.44 13592.01 7524.85 7178.98 4310.30 11282.64 2424.50 11285.56 11770.90 16125.66 4622.03 8839.01 9374.73 13247.81 12564.03 2710.32 2311.73 9716.07 4611.80 4436.50 10154.69 5474.84 12235.77 11645.95 1730.23 2223.90 11066.15 8426.52 13337.36 11503.68 11765.40 11138.15 11940.97 10757.96 4422.40 13314.84 2650.95 19408.34 13727.15 1669.71 4622.03 13250.40 1671.94 12385.71 13685.66 9456.72 12440.66 18260.63 19403.96 4877.00 18688.22 17369.52 18665.86 19099.59 16951.83 4169.20 16695.82 13420.78 11662.02 17004.89 9456.72 12549.97 17279.42 13203.43 3471.34 18966.63 16688.61 8038.18 17329.78 13317.41 
10348.01 2668.68 14670.21 7531.45 15663.91 11758.02 7401.79 10423.57 10305.49 10608.25 1334.34 13330.21 8811.63 14464.19 4479.15 12089.72 9784.73 6003.85 6783.26 0.00 11482.96 13314.08 13225.28 3493.96 12132.58 9153.45 3342.11 10482.66 1334.34 11785.46 6838.21 11648.43 8400.24 13977.39 2223.90 9231.65 12116.19 8361.85 11614.85 5760.03 4474.12 16327.51 12739.18 4693.56 12976.33 12199.76 4937.90 7814.43 11224.03 5203.51 19006.31 5276.13 5487.16 8360.20 16976.66 5786.04 12109.76 5040.69 6097.74 14763.15 11156.86 6420.20 12550.63 17744.92 7175.31 12455.86 11325.76 6920.31 4887.33 10821.86 7529.04 8773.35 4182.96 6537.77 12854.69 19571.04 5940.42 8382.47 1893.22 8793.81 1431.23 4792.20 6038.28 13511.27 10810.00 5068.26 9703.34 7005.28 10063.92 7795.62 13424.04 5719.43 12949.20 17600.48 4374.97 11018.10 17355.11 11506.03 14751.76 16981.89 11450.83 8756.69 5439.98 11845.58 14006.62 5329.99 12238.33 17610.03 12322.15 12628.52 14006.62 12887.25 13015.51 14328.63 15311.37 4969.21 8317.01 12276.17 667.17 5686.46 14397.49 14148.67 7379.74 10948.13 5413.73 11393.11 11934.20 5610.24 3711.39 13740.88 5826.85 546.89 6555.51 6061.21 9010.21 12633.32 15855.58 12482.91 9329.12 6574.66 8317.01 10022.57 6849.93 4199.34 7812.36 7135.32 10884.59 7311.46 7429.36 12200.66 11346.61 5662.68 6695.18 6983.32 13180.05 10754.20 11988.45 13306.94 6002.27 9853.20 13417.42 17511.98 8015.93 7412.04 7464.45 13832.61 7850.64 6873.21 5711.04 13640.75 6969.19 9371.45 13676.66 9335.75 9127.31 12435.16 12940.52 4573.16 12554.06 15658.62 14511.25 12660.69 10455.03 8791.06 15515.12 8422.55 7350.34 15082.22 9335.75 16256.57 14647.76 16160.63 3435.72 12950.31 15774.87 13221.19 13594.89 14792.37 
5739.19 8830.53 3284.01 18143.80 12447.12 12973.82 14572.45 10764.61 16672.12 9650.61 10156.79 2129.73 12622.35 13781.02 11211.13 6280.30 12054.24 14750.01 17601.40 11482.96 0.00 4420.10 15114.77 11888.27 2896.49 13337.21 14750.01 13161.98 12808.27 572.86 11023.79 15580.06 19727.63 2896.49 13690.80 12136.58 12440.04 15023.96 287.45 16946.86 14497.53 6651.22 12667.75 14940.47 5980.38 13847.81 15383.15 5414.88 2093.84 15825.47 7696.74 16646.10 16267.30 4573.07 7677.53 16708.44 7047.85 7900.99 17148.57 6544.29 16495.68 17587.14 1124.45 6830.47 18607.65 1160.80 16696.61 18297.28 16140.88 1298.91 18682.38 10806.01 7497.35 17463.53 1845.60 8165.91 17394.09 18189.31 9592.37 18652.83 10103.60 16182.96 16197.63 2223.90 766.81 16236.30 18189.31 18347.16 17679.35 11904.79 14991.69 14899.81 1928.50 7224.27 14997.71 5489.18 9451.57 17041.04 4382.01 7224.27 16670.38 4363.13 7245.10 16226.00 6351.94 16144.80 15781.55 6351.94 14933.55 15337.04 6351.94 13785.99 14092.41 3322.86 7106.63 12268.68 13258.71 13680.54 10819.93 16692.23 4824.04 12799.77 12973.82 14636.43 9935.73 1129.42 1413.62 10549.36 14455.34 5744.80 10118.75 11211.13 16461.58 8609.54 17214.98 7763.66 10630.96 2543.17 14173.67 8827.23 11888.27 8098.55 7284.15 15101.21 16054.04 7967.90 17630.00 16789.03 7539.21 15535.46 6223.65 6123.50 18169.49 15709.39 8229.63 10292.62 8646.62 7793.16 7888.76 6965.58 7357.12 11019.04 17209.34 4382.01 18545.92 2805.75 3950.71 18353.12 13049.50 6052.95 18449.68 5454.84 5620.18 8681.82 5339.76 3486.28 2679.76 12724.86 3095.11 4187.76 3226.06 2719.00 1111.95 17921.25 4189.62 7094.20 5947.25 3747.79 8681.82 9846.98 3306.65 9209.08 14411.63 1589.20 4382.01 14373.91 2427.94 6489.79 
3225.79 11330.93 4420.10 17460.56 10960.13 8570.28 11281.07 6800.37 12252.17 13164.42 12346.70 2779.87 8974.21 11964.58 10214.40 2322.71 8132.22 12252.17 17781.23 13314.08 4420.10 0.00 12928.36 15606.78 6667.76 9464.38 16042.89 8930.62 14198.39 3847.47 15431.89 11225.61 15881.93 2377.47 14717.10 8397.92 8028.96 11240.68 4133.16 17460.56 13137.04 7481.25 8257.04 13467.07 1667.92 9439.38 13788.40 9777.94 6358.24 14099.36 6442.55 16974.48 14398.00 5043.75 4272.31 14682.04 10360.69 11885.74 14948.81 2324.56 12166.66 15195.29 4284.26 4430.84 15797.67 4571.68 12492.56 15657.99 17176.45 5718.74 15230.37 7488.47 10672.05 14819.59 5003.77 6258.75 16664.38 17176.45 11856.54 14307.00 11989.40 15488.36 13735.19 4571.68 5095.38 17397.82 13782.43 15567.29 13279.24 16123.26 12646.36 12593.98 4996.10 7098.30 17594.21 9451.57 9002.40 13652.30 6232.66 7570.36 14594.06 8766.97 7874.15 14334.38 8766.97 14411.41 14058.71 4419.07 14325.56 13769.37 8766.97 13825.29 9840.95 5217.07 8613.59 16501.32 17104.65 14381.58 12838.29 14798.02 7045.48 8655.11 17235.21 15742.78 8809.66 5442.64 3040.60 14905.16 13821.21 8380.88 14491.39 12803.50 13592.01 7693.63 17290.46 10700.09 6715.83 6115.72 17020.68 13232.59 8570.28 4813.85 6612.08 17290.46 18873.68 12384.17 13821.21 13378.79 11958.26 14263.82 9977.01 9693.59 16085.89 19729.22 10782.73 13603.71 4447.80 10369.56 7476.30 11110.72 9956.14 8867.69 13359.14 8259.32 15130.53 2311.73 7906.98 16123.26 17419.12 8717.22 16113.82 9818.32 8305.65 12787.42 9736.24 1154.29 1766.66 16789.29 1386.64 3768.52 2780.19 1704.44 4686.36 13656.85 4821.57 5296.41 10284.21 4675.86 12787.42 5999.84 4561.59 5296.41 16644.58 3279.15 4686.36 10264.38 4819.80 8400.90 
14615.33 15681.21 11836.82 5697.23 2668.68 7254.98 8972.88 10312.43 5032.65 8639.53 14471.48 13467.87 9749.55 1334.34 13243.84 12800.70 9598.06 9534.09 6449.91 13225.28 15114.77 12928.36 0.00 11472.51 13188.95 8896.64 9885.48 8090.58 11961.08 14934.71 10093.17 4563.80 4961.52 12825.57 11113.08 9901.79 7492.26 8022.30 15053.56 7465.28 10263.13 8586.07 6738.61 9837.90 12330.65 5951.26 9412.74 14931.12 14390.60 8987.84 7504.77 7960.39 8563.38 17648.16 8661.92 8139.57 9999.08 14643.61 7716.64 10733.39 4126.21 7294.86 13990.54 8859.43 6307.23 13990.54 3584.27 6616.53 8338.41 15270.42 6141.11 11398.59 16379.76 7344.16 13391.81 7205.30 7347.99 4859.51 15025.86 5204.22 14654.76 8719.50 8427.21 12900.63 15624.24 8161.92 4472.71 6560.50 4420.39 8689.15 308.17 9533.60 13297.45 7895.51 9026.36 12024.76 5696.03 2170.75 10892.57 7949.23 1783.14 15054.07 17321.45 1428.17 9596.99 8701.15 1136.84 9162.13 2012.08 968.43 9596.99 2782.09 4779.17 11836.82 8442.16 10313.70 7254.98 3514.32 13851.46 8178.27 10669.75 5265.37 8163.81 3907.24 14166.78 14764.75 14870.26 11348.90 10440.38 10218.26 11598.72 13586.86 8015.90 15251.23 4413.00 9069.00 6499.16 13183.81 5768.01 12311.16 10713.94 12954.13 16210.90 9113.34 5971.32 12744.34 2920.02 7397.84 12944.80 1466.10 11182.32 16923.56 6717.63 6812.54 8350.95 7959.28 11050.72 8679.05 16119.24 11581.62 9010.11 4308.43 6676.69 17156.56 6251.97 12968.82 17057.38 6526.62 9267.63 10013.34 6430.55 13350.81 10348.68 10397.31 13678.48 14028.41 13798.54 10214.84 14047.51 11096.17 12291.63 14043.80 16218.78 5624.49 10929.85 15117.17 14800.28 11369.51 10397.31 7092.13 11809.01 7786.52 9887.91 13806.03 10753.84 4095.24 12720.22 9162.13 
