225
0.00 2829.57 12753.45 433.75 9947.41 6438.27 4423.41 16986.26 13145.43 2029.04 15011.55 9498.51 4225.43 7073.60 5717.87 8444.19 17079.19 13454.05 8537.15 10763.66 10163.44 8645.54 15511.82 13631.26 9324.91 16318.11 10666.05 7994.87 13630.31 12599.22 8186.53 17339.82 8234.40 8392.94 14753.20 9349.03 8612.92 16403.88 12494.59 8845.35 8230.61 2939.76 14242.00 11979.17 10501.35 8178.74 14952.81 8238.27 8144.98 12466.84 8474.54 7902.21 12109.29 4449.18 12645.99 13706.35 6008.28 10873.41 12016.61 9513.74 10138.75 11930.18 11182.77 10499.82 12346.07 7825.78 7922.55 12011.89 12809.00 9439.57 11565.01 10475.08 11158.85 13036.45 8423.48 11570.41 13069.23 8329.74 11279.96 13180.59 12693.11 10342.83 14013.21 7353.59 11897.26 11593.47 14446.38 8144.98 11478.80 10681.72 11542.00 9772.59 11526.38 11478.32 9481.73 13467.25 10065.58 8923.31 11756.85 5264.54 7861.52 10671.20 15449.36 16045.18 9927.85 6269.32 10670.72 10958.64 4759.85 13249.32 1803.49 4404.26 10739.00 10192.23 8387.40 14744.44 15121.06 5064.53 6000.50 4573.74 14665.14 5388.51 7151.75 4225.43 3573.39 7343.15 2029.04 3130.78 7206.09 7162.52 17075.33 4950.88 9558.96 6195.62 9151.74 7116.48 14324.49 7861.52 615.34 15878.39 15142.57 16134.36 1654.23 13286.75 6136.82 13978.31 8384.95 17639.05 2835.86 4059.88 17362.22 3447.25 4364.18 10453.76 10273.34 15205.79 3549.21 4882.68 16483.07 6889.59 4573.74 5475.52 11109.23 2242.58 10800.12 15830.91 13117.96 12682.44 6741.29 8696.35 9214.97 11743.96 3859.54 10359.25 6925.31 11179.52 4875.18 11803.97 10345.70 11823.09 12928.52 6263.98 12525.09 12522.21 9819.62 7777.90 7342.97 9921.85 4011.07 11941.15 6719.78 8421.61 12356.12 7454.57 6477.10 9936.10 8136.68 4046.63 10817.78 7561.72 9786.19 11988.41 7819.19 12589.16 10865.16 8027.63 7209.15 12218.12 6946.21 11597.74 8294.61 7876.05 7482.61 12447.45 6571.78 5993.95 9431.76 8314.34 9513.74 10412.57 5490.25 11149.18 12781.33 8007.90 8007.90 
2829.57 0.00 10338.59 2739.75 11068.36 5066.51 1966.63 15324.07 10584.96 896.47 13115.84 10243.37 6455.20 7273.52 8521.19 5816.58 16697.71 12228.26 5866.78 8371.03 8619.82 5938.45 15076.97 13312.88 11914.94 15302.52 12145.18 5182.36 13095.40 13042.72 5362.60 14683.23 10766.28 5563.92 11963.81 7869.90 5783.92 13716.91 9952.63 6020.31 5938.45 1423.15 14430.58 9150.14 8778.11 10719.36 12258.42 9842.81 10689.97 10752.92 9646.80 6103.30 9331.32 6514.47 12938.75 11117.14 7945.33 8046.89 9891.04 11236.98 7633.37 9676.45 13651.21 8014.64 9841.04 10388.26 10483.67 9562.76 12056.30 11269.21 9126.49 13276.67 9169.89 10659.51 11050.71 9599.34 10398.50 5555.59 9658.25 11119.27 14503.34 10654.13 11864.99 9785.15 11050.25 8778.11 12447.77 10464.84 8650.73 12777.48 9355.03 6958.37 13432.57 9281.68 6655.63 12802.17 11659.15 6095.50 14413.15 8030.68 5062.49 13074.83 13130.71 14718.63 10198.82 9007.20 8037.80 8209.31 5438.67 10754.21 4352.40 4995.61 8291.41 12142.70 10759.95 12454.04 13906.75 4434.91 5762.99 5257.30 15719.39 2681.85 5062.49 6975.84 1563.84 9818.61 2916.16 1291.06 7958.79 5100.91 18591.94 3251.07 11933.54 4450.30 8209.31 4840.01 13353.47 5062.49 2233.42 15563.59 13309.42 18572.58 1556.73 10640.58 3559.74 16467.29 6381.44 15778.09 5011.24 6465.67 15726.98 3614.24 6693.70 13065.18 10158.93 13841.01 5020.15 7378.53 17039.28 4062.64 5257.30 5934.61 13872.58 4781.38 13614.00 16112.98 15326.02 10460.77 8912.76 9497.39 6401.09 9219.14 6645.27 10148.47 9046.26 12864.22 7342.25 9268.18 11962.28 11615.82 14797.95 9080.67 9705.24 14354.87 12532.97 10339.86 9384.13 12157.21 6514.47 9388.81 8897.95 11236.98 10180.77 10124.05 3704.96 7553.36 10727.71 6705.66 12078.22 10012.60 12560.49 9257.55 10285.49 10067.48 10895.03 10339.86 8440.29 9484.20 9483.16 13357.94 10434.80 10581.73 9505.76 9714.11 8706.45 5397.41 9359.49 11104.05 11236.98 9161.06 8226.89 8342.04 10055.89 10837.13 10837.13 
12753.45 10338.59 0.00 12877.95 9060.81 6636.02 8441.01 8316.53 736.94 11226.99 8065.87 15034.50 16789.95 8133.15 15756.85 4558.64 6793.53 9835.16 4555.80 7248.53 3561.77 4550.14 5960.04 11386.33 17694.32 5473.14 15803.31 5641.23 5214.69 13045.70 5626.69 4603.58 18848.23 5609.38 4532.07 4211.77 5589.34 3740.91 663.15 5566.65 4523.77 11228.12 6708.75 3670.99 3017.62 18872.71 2483.19 17334.39 18888.60 2293.80 16247.52 9881.74 2371.26 16787.44 6846.98 1183.49 17822.83 4278.09 1230.31 16997.46 6999.76 978.90 12349.74 6959.07 606.59 19075.97 19011.62 778.00 4646.50 10930.25 1212.74 14523.69 8486.99 341.08 18363.29 8441.44 1308.91 5094.66 2808.13 1395.69 14454.51 13874.96 1699.06 19891.88 11066.92 3117.18 2371.68 19089.69 3553.86 11335.41 1409.14 4231.29 15594.04 1444.41 4674.13 10886.27 16401.42 5145.65 12824.70 15251.88 5650.27 16586.71 6927.90 4806.44 13933.03 18064.37 6195.78 5312.75 9845.24 6302.67 14541.95 9881.74 7038.13 11064.79 18888.60 7003.40 4406.24 8284.60 8063.46 14499.12 12256.08 8762.29 5613.96 16658.20 9206.90 19729.31 11140.26 9651.51 15368.59 5609.38 8786.97 7834.94 17715.27 10442.73 5207.80 5641.23 10058.09 5650.27 12322.18 10312.45 3251.40 11018.19 11895.26 5530.94 6779.47 11069.36 4452.67 5448.99 12585.39 16778.48 5448.99 13208.34 13108.01 16571.04 13050.13 9120.75 15111.36 13718.42 7695.91 6764.35 14499.12 14436.95 15484.66 14986.42 14487.22 7167.08 14158.61 736.94 18908.38 15370.22 5527.87 1181.70 16208.75 12829.25 18840.85 15684.63 13607.93 1156.89 16242.24 5854.91 10066.76 17176.23 2909.92 10098.93 16841.08 19110.79 18676.98 17329.49 16763.69 1090.66 18915.90 16897.91 944.48 18675.87 6780.52 7552.86 18732.44 16717.37 9183.18 19659.53 14606.99 1994.80 19386.81 526.03 6507.04 19185.36 16468.95 1918.34 19410.90 10179.27 12126.37 18275.34 18620.91 1836.34 18699.76 7665.35 6691.83 17332.18 16997.46 3987.11 17662.27 3206.40 1705.09 16562.42 16562.42 
433.75 2739.75 12877.95 0.00 10377.01 6703.48 4469.07 16552.84 13222.56 1879.15 14597.66 9126.17 4020.79 7486.29 5909.65 8476.95 17512.66 13021.12 8553.09 10439.54 10443.74 8645.12 15937.95 13216.81 9269.25 16722.68 10383.83 7921.21 14038.77 12225.40 8094.93 17396.90 8153.07 8284.52 14544.54 9631.26 8488.82 16435.91 12575.61 8706.69 8359.09 2646.99 14675.52 11846.96 10757.50 8100.24 14974.58 7953.11 8067.89 12741.22 8135.87 7520.31 12069.64 4206.99 13078.55 13774.58 5758.31 10732.92 12210.07 9257.59 9842.74 12093.23 11478.22 10196.76 12439.37 7753.71 7850.38 12121.61 13196.98 9834.90 11675.55 10648.14 10775.19 13174.00 8379.40 11182.63 13098.02 8290.31 11558.31 13397.38 12480.50 9944.12 14218.21 7234.76 11463.72 11513.62 14688.79 7999.19 11369.89 11042.07 11718.20 9695.72 11318.18 11651.85 9383.04 13039.19 9794.31 8819.86 11997.74 5491.73 7802.03 10563.13 15077.46 16416.34 9524.42 6277.56 10406.86 10742.21 5179.84 12930.44 1670.81 4817.04 10426.12 10572.12 8257.39 14374.62 15490.38 5392.41 6376.91 4159.01 14378.30 5191.52 7313.22 4239.50 3671.06 7238.24 2403.79 3226.51 6818.11 7329.37 17368.10 5143.24 9436.43 5824.32 9495.44 7239.04 13892.22 7802.03 555.97 15486.07 15425.73 16098.77 1388.88 13011.34 6173.80 14242.75 8574.63 17973.73 3246.64 3906.38 17725.33 3013.89 4736.40 10410.50 9852.74 14772.32 3187.15 5216.96 16894.08 6792.61 4159.01 5056.98 11140.66 2114.88 10958.55 16260.98 12982.92 12858.73 6548.32 8323.10 9056.54 11827.58 3905.83 9935.44 6722.30 10931.77 5216.13 11884.03 10080.23 12238.43 13296.85 6348.28 12436.62 12897.75 9819.64 7705.43 7126.31 9766.84 3892.73 12015.90 6528.21 8501.47 12540.94 7426.65 6436.38 9615.55 8076.83 4000.50 11240.78 7450.11 9983.83 11981.78 7713.88 12677.90 11286.57 7879.08 6866.27 12209.99 6860.60 11986.61 8664.30 7867.89 7263.43 12440.04 6368.84 6339.50 9842.74 8364.48 9257.59 10732.92 5496.31 11080.75 12779.38 8125.12 8125.12 
9947.41 11068.36 9060.81 10377.01 0.00 7291.55 10259.95 13080.88 9706.86 11065.52 14973.39 15680.53 11472.33 4009.41 7180.91 10432.28 7149.26 16597.88 10672.54 16196.29 6408.60 10907.36 5830.70 15566.54 9964.06 6843.81 13611.11 11922.53 4655.30 15123.10 12192.03 9881.08 10359.01 12451.53 12835.30 6403.98 12699.69 10095.18 9656.08 12935.07 9051.83 12277.47 4409.26 12676.22 6863.38 10318.93 10297.72 13565.78 10299.09 6768.49 14677.73 16936.55 11341.88 11912.32 2998.02 9817.31 12491.49 12942.81 8006.03 13151.70 15673.01 8462.88 4470.32 15790.11 9485.11 10232.03 10232.03 9248.60 4645.95 1893.56 9232.16 6511.37 17546.55 8896.72 9821.20 17450.00 10340.85 11457.59 6507.04 7805.16 12124.62 16544.32 8122.22 10879.44 17899.59 11966.41 7747.33 11297.12 12403.68 2952.63 8242.01 12028.37 12220.64 8280.61 12355.50 16153.41 13432.51 12411.72 5556.45 6967.58 11714.58 10712.67 14158.30 7001.67 16737.94 9260.43 15013.03 14147.19 5641.75 15090.53 10453.25 6083.15 15960.81 2335.35 11069.79 14739.02 6393.66 6925.49 5588.74 14047.91 12650.10 12902.77 8672.32 9462.05 9832.86 10686.60 8428.69 9886.08 15369.14 8593.77 7737.61 8674.52 10960.52 15489.04 5120.95 9222.52 15563.59 11714.58 10315.22 13398.16 7493.26 9676.00 11241.28 14400.29 10372.72 6028.67 8102.77 8379.31 7178.79 10963.25 8015.44 13376.10 6029.77 9753.45 17553.09 14846.18 12627.00 5995.22 6591.18 12111.51 14047.91 14883.07 8658.07 10496.65 6754.25 5883.97 10943.50 8323.90 11857.12 15567.29 13260.83 9623.54 9248.07 17748.69 12026.32 12927.51 5927.41 9674.07 13314.47 3277.15 3897.62 8328.34 11966.41 3483.88 9131.30 10238.31 12289.29 11458.31 10644.62 9748.52 11834.47 8048.68 8167.34 9635.68 11343.61 16188.62 10054.02 10013.73 1019.75 10784.84 6117.59 10890.81 10700.68 9549.79 2559.62 11333.32 14389.18 10894.84 10420.20 2589.70 3098.40 9340.37 12347.73 10866.75 11969.30 6163.12 2999.33 8486.27 13151.70 5598.51 9373.97 11840.30 10765.90 7561.26 7561.26 
6438.27 5066.51 6636.02 6703.48 7291.55 0.00 3376.74 14873.08 7227.67 5693.76 13861.17 15294.34 10643.16 3442.98 9901.70 3893.40 11687.01 14693.86 4139.62 9938.94 3744.02 4389.86 10016.00 16673.31 14759.82 10363.78 17078.97 4954.78 8029.71 17612.45 5265.14 11107.42 14027.01 5573.16 10561.44 2936.12 5878.38 10340.20 6622.38 6180.36 2702.75 6470.96 9445.85 7976.98 4063.31 13959.87 9108.88 14652.16 13921.15 6037.74 14671.57 9688.92 7178.37 10887.08 8105.10 7778.17 12446.44 7354.76 5672.80 15951.77 9117.20 5693.53 11567.44 9425.38 6419.09 13609.28 13694.74 6024.86 6990.45 8538.68 5615.18 13024.63 11440.40 6847.58 13928.06 11754.89 7442.17 4686.81 4855.95 6770.37 18824.99 15510.72 7612.74 13438.79 14599.76 7174.01 8009.39 14304.32 7393.58 10077.98 5269.98 5935.53 17791.19 5219.28 6021.16 15896.58 16497.78 5773.82 12698.83 9273.08 4720.75 16286.65 12952.38 9869.27 15072.51 11766.09 8881.24 8360.42 3632.83 11117.82 8205.12 3490.58 9721.88 9359.12 14452.09 12677.48 8978.70 1679.43 2137.63 10296.94 18886.67 5771.20 1688.84 10023.94 3505.53 13361.30 4569.30 3848.98 13024.63 1626.15 13544.12 1819.15 15465.41 8581.36 3152.48 2168.51 15620.69 4720.75 6199.85 16859.90 8722.39 16287.76 6303.11 10485.99 3081.62 13217.89 2256.97 11288.92 6027.71 10408.85 11093.75 8670.14 6996.43 15510.85 14763.15 15099.55 9786.64 7790.89 11984.73 4855.23 10296.94 11001.11 15117.81 8620.52 13388.81 11064.89 18078.13 6372.06 13108.94 14562.55 6626.27 5941.09 9575.29 14670.01 13311.02 17607.21 7687.56 6016.71 16782.53 6652.11 11054.29 11218.93 7923.77 10690.00 14627.46 13569.72 13748.60 16001.08 10288.09 6171.26 13084.69 12841.08 6029.11 12999.27 4062.80 9445.85 13798.99 10109.55 8233.18 13596.00 12320.33 6806.83 13798.47 6663.71 6102.07 14206.17 13423.10 7001.65 12900.82 9872.90 8648.32 13204.48 13891.08 7179.81 12962.04 1469.17 4673.60 13049.27 15951.77 4139.62 11128.02 6747.47 7410.24 12175.97 12175.97 
4423.41 1966.63 8441.01 4469.07 10259.95 3376.74 0.00 14862.05 8753.88 2814.05 12854.23 11947.11 8374.19 6254.49 9752.58 4020.79 14764.49 12609.39 4118.05 8061.91 6710.15 4239.50 13223.77 14180.40 13737.26 13354.11 14022.62 3786.40 11314.01 14413.85 4042.69 12935.37 12619.80 4313.66 10757.55 5992.46 4596.32 11984.96 8108.09 4888.18 3981.87 3227.40 12806.43 7828.81 6833.76 12567.86 10529.91 11784.85 12535.88 8794.50 11507.01 6687.37 7729.12 8460.45 11478.22 9305.68 9909.84 6802.80 7931.59 13181.32 7228.59 7733.19 13874.46 7607.37 7977.03 12222.62 12319.26 7672.88 10255.88 11006.29 7229.86 14292.22 9239.90 8751.87 12842.36 9645.20 8646.51 3998.50 7719.34 9158.93 16409.10 12149.06 9917.72 11677.52 11837.31 7296.79 10488.19 12394.99 7266.77 12622.12 7400.01 5510.12 15381.17 7327.57 5303.82 13507.20 13574.82 4790.40 14895.26 9178.77 3605.99 14997.71 12489.45 12757.54 11704.80 10686.31 7385.29 7289.38 5038.92 10120.29 6138.47 4634.17 7914.59 11905.21 12677.90 11909.30 11965.12 3338.42 4672.53 7144.82 17090.95 2654.72 3103.68 8645.12 943.17 11693.88 3536.48 1335.94 9759.21 3145.60 16787.68 1636.88 13858.12 5327.06 6503.70 2875.81 13764.79 3605.99 3916.31 15976.20 11344.54 19459.11 3490.22 9793.84 1713.47 16268.85 4421.88 13841.29 5775.65 8339.62 13769.46 5496.92 7365.69 14874.17 11474.64 13886.46 6986.69 8160.65 15259.51 2882.58 7144.82 7742.23 15469.25 6581.14 14676.21 14365.05 17292.39 8516.30 10861.29 11253.24 5338.88 7361.72 8264.69 11412.69 11001.72 14777.72 8094.61 7416.88 13877.54 10026.98 14156.33 10590.90 8230.24 13742.83 14232.43 12174.32 11347.41 14112.52 8353.14 7547.41 10845.45 12718.29 8228.03 11877.60 2223.81 7332.02 12545.23 8460.45 11268.67 11899.10 13511.38 7575.04 12167.43 8212.89 9459.31 12271.06 10341.42 7805.10 11327.39 12807.19 10557.15 12297.04 11470.28 8033.30 10658.66 4132.06 7983.87 12674.31 13181.32 7312.18 9909.84 6833.76 8363.41 12209.92 12209.92 
16986.26 15324.07 8316.53 16552.84 13080.88 14873.08 14862.05 0.00 7676.88 15672.91 2211.02 7991.09 13856.73 15697.95 15110.49 11470.99 5964.67 3533.32 11277.59 6989.02 11682.01 11074.21 7482.38 3634.88 10348.27 6586.81 7573.79 11161.90 9240.66 5036.71 10878.56 4299.63 11129.70 10588.49 4421.98 12441.29 10292.60 4805.29 8262.59 9991.75 12312.75 14475.49 8795.74 7271.71 11201.71 11196.93 5836.69 9787.73 11235.67 9520.52 9207.68 9357.47 7795.94 13478.23 10380.67 7143.81 12047.96 8179.85 9410.01 8813.38 7770.53 9289.35 11019.55 7385.37 8471.15 11546.11 11461.51 8869.66 9915.86 13356.68 9266.90 10869.76 6176.00 8151.88 11211.88 5746.87 7431.44 11091.51 10640.82 8513.86 6307.61 6968.39 7702.04 11654.39 5099.04 7967.12 7529.44 10785.18 7867.29 11913.99 9721.06 9579.17 7353.80 9760.13 9690.12 3618.39 8202.26 10152.02 10143.33 15737.43 11369.40 8813.38 2373.17 6703.99 7334.08 13390.82 7503.73 7576.93 17976.10 4751.19 15977.51 18151.89 7092.79 12516.91 10674.80 2968.77 7576.93 16552.44 16292.82 12521.70 4074.35 12724.03 13471.65 15028.35 15762.77 11752.49 18234.57 16020.55 10099.23 13501.80 5539.60 15462.46 9691.67 11077.17 13097.41 13222.94 2705.53 11369.40 16629.97 2001.51 7120.38 4818.97 15652.39 5079.14 13457.73 8233.24 12616.69 5089.52 19125.53 14247.95 5433.50 13539.01 17796.57 9445.25 6849.93 1780.52 13748.06 16984.08 6497.61 11980.15 12521.70 11611.28 9373.78 15715.03 10482.15 7206.12 6519.66 8706.70 11729.64 8755.98 9532.94 8932.50 15475.06 6736.09 11504.35 7368.10 17058.67 8856.70 7989.19 11067.31 9787.39 13901.94 7107.80 10222.27 10290.88 11584.99 11045.27 9149.21 14464.66 8702.14 11757.29 12047.96 9051.07 12155.44 12681.01 7792.26 11356.53 14818.49 12175.90 11519.12 11653.28 8121.84 11335.15 8230.58 12060.85 10870.84 10380.66 7914.29 12218.63 11202.34 14271.28 11924.23 10903.64 7722.74 11819.79 15975.52 13385.53 11938.41 8813.38 11740.26 14010.56 8430.79 7474.40 12662.98 12662.98 
13145.43 10584.96 736.94 13222.56 9706.86 7227.67 8753.88 7676.88 0.00 11481.17 7337.70 14316.45 16932.25 8864.64 16493.36 4768.89 6762.98 9098.22 4723.51 6671.61 4289.82 4674.56 6142.58 10664.10 17529.14 5529.22 15095.96 5654.72 5652.88 12327.23 5593.51 4194.62 18650.31 5529.46 3797.26 4919.13 5462.81 3273.25 651.45 5393.81 4949.42 11343.45 7041.49 3127.08 3741.87 18705.69 1896.84 16622.33 18738.90 2949.46 15553.13 9460.04 1917.54 16823.65 7349.44 568.34 17507.78 3876.06 1967.11 16273.22 6496.14 1682.56 12742.36 6419.69 821.68 19053.33 18956.84 1204.71 5194.17 11555.37 1632.65 14820.92 7840.42 811.88 18379.28 7771.77 639.30 5152.71 3541.91 1920.33 13903.00 13149.60 1916.59 19285.92 10340.37 2700.03 2559.09 18445.70 3111.10 11842.25 2101.59 4084.31 15011.32 2125.79 4512.72 10153.52 15683.86 5029.19 13098.07 15987.29 5698.64 16200.30 6204.42 4874.93 13221.02 18801.12 5677.13 4811.29 10530.66 5588.34 14892.34 10546.71 6472.04 11627.71 18349.20 6267.93 4621.31 8894.95 8748.53 14308.62 11676.10 8772.24 6083.12 17227.00 9572.78 19422.61 11658.14 10016.36 14820.92 6087.31 8671.64 8304.22 17268.56 10184.36 5941.32 6045.91 9333.37 5698.64 12668.60 9678.14 3363.64 10707.39 12133.55 4821.14 7055.62 11186.53 5000.36 5269.98 13227.65 17040.41 5325.00 13171.66 13825.84 16379.59 12342.51 8408.33 15115.06 14449.73 7722.02 6808.77 14308.62 14120.66 15448.50 15334.64 14728.60 7292.11 13735.33 1425.22 18438.36 14686.84 5286.49 1402.01 16784.97 12122.68 18291.78 15030.96 14339.04 1341.49 15538.08 6463.36 10401.24 17906.78 2316.33 10477.93 16833.09 19101.72 18017.60 16793.26 17097.71 1206.71 18457.03 17315.06 1674.71 19119.82 6931.48 7041.49 18716.90 17184.48 9764.43 19193.41 15010.95 1650.68 19002.83 572.54 7166.95 18514.22 15894.43 1501.65 19881.91 10651.53 12792.17 18618.68 17938.20 1348.95 18282.11 8323.84 7415.36 17714.42 16273.22 4723.51 18340.30 2889.02 1117.70 17096.77 17096.77 
2029.04 896.47 11226.99 1879.15 11065.52 5693.76 2814.05 15672.91 11481.17 0.00 13477.76 9693.10 5571.31 7492.88 7746.64 6712.53 17377.72 12333.33 6763.18 8885.77 9350.02 6833.37 15675.27 13146.76 11019.04 16042.60 11439.64 6050.85 13657.42 12634.61 6218.14 15570.51 9871.85 6405.41 12724.59 8575.44 6610.79 14604.14 10848.03 6832.49 6795.87 1218.48 14826.47 9972.15 9549.16 9824.50 13148.04 9081.44 9794.90 11542.12 8978.75 6317.50 10209.35 5646.56 13257.38 12013.58 7105.87 8860.38 10743.69 10465.93 8202.10 10545.81 13110.67 8574.63 10734.71 9492.41 9587.90 10452.34 12651.13 11000.50 10014.35 12502.48 9509.94 11545.48 10154.30 9937.31 11292.60 6440.84 10417.46 11969.88 13751.93 10232.54 12731.58 8895.68 11000.50 9637.32 13299.09 9587.90 9490.86 12414.15 10213.84 7821.81 12645.41 10141.53 7504.43 12733.51 10920.91 6940.94 13761.56 7289.27 5939.59 12196.33 13654.72 15498.70 9779.74 8121.92 8681.95 8934.01 5445.24 11335.20 3461.72 5011.22 8833.40 11835.47 9878.12 12957.95 14646.08 4817.04 6074.07 4609.65 15210.22 3362.73 5872.60 6097.60 2234.80 8926.18 2658.37 1848.97 7363.95 5905.36 18796.61 3917.47 11054.93 4602.59 8784.38 5686.71 13401.02 5939.59 1414.82 15486.15 14145.89 17747.93 676.19 11301.03 4447.80 15939.31 7187.26 16654.00 4503.60 5571.31 16579.40 3014.27 6162.70 12169.18 9854.13 14035.25 4209.04 6783.82 17463.98 4915.54 4609.65 5365.34 12985.59 3887.89 12823.19 16557.96 14494.54 11329.43 8047.36 8919.03 7191.90 10113.19 5778.96 9873.25 8188.22 12119.99 6760.24 10162.81 11222.50 12053.64 14569.85 8226.58 10558.29 14134.32 11639.88 9444.00 8539.68 11298.57 5618.03 10284.21 8031.63 10377.76 11042.05 9229.47 4594.40 8057.11 9831.38 5814.45 12044.24 9122.11 11814.79 10146.51 9394.36 10962.18 11247.44 9463.38 7740.26 10372.39 8587.55 13150.33 10025.77 9689.72 8664.90 10602.08 7844.66 5806.62 9710.53 10229.70 10465.93 9830.23 7342.77 9208.31 10944.66 10003.24 10003.24 
15011.55 13115.84 8065.87 14597.66 14973.39 13861.17 12854.23 2211.02 7337.70 13477.76 0.00 7326.61 13078.26 16195.04 16097.10 10035.99 7856.48 1997.49 9805.95 4830.54 11627.12 9570.03 9155.74 3335.85 11305.34 8160.63 7783.64 9370.82 10606.42 5003.77 9065.88 5277.89 11765.57 8757.62 3558.24 12231.44 8446.75 5357.30 7783.64 8133.96 11158.97 12296.97 10566.02 5884.28 11079.39 11831.85 5824.73 9509.18 11868.78 9868.86 8643.95 7181.17 6776.99 12639.76 12049.40 6915.46 11516.04 6570.00 9286.87 8935.69 5642.05 9016.40 13192.51 5259.05 8006.03 12128.52 12065.04 8395.41 11021.58 15535.84 8700.49 12745.29 3969.21 8017.44 12030.75 3541.01 6894.09 9430.49 10789.74 8734.64 7326.61 6153.92 8054.74 11948.25 3616.98 6693.98 8122.11 11143.30 6468.37 14124.36 9424.07 8010.05 8132.28 9438.36 8015.22 2833.95 8351.74 8394.00 12257.87 16677.91 9596.91 9830.23 1155.14 8090.45 6397.62 13880.23 5485.91 5730.36 17482.31 2841.14 14574.92 17244.23 4956.47 14716.74 11149.18 1187.64 8834.96 15381.69 15865.87 10956.84 5324.50 10548.01 12219.14 14831.85 13693.03 12098.40 16031.29 13892.96 8993.50 12270.59 7718.12 13803.87 10435.75 8904.81 13267.32 11834.19 2001.51 9596.91 14550.45 3293.04 8011.38 6903.50 13517.48 3390.76 11677.10 10434.64 11734.74 6615.14 17843.81 13564.83 6979.34 11653.76 18786.92 10656.38 5683.07 1239.10 12339.29 18235.97 8535.50 10023.62 10956.84 10077.98 10931.34 14477.09 12352.34 9138.23 7912.07 8649.99 11588.68 7963.56 7662.75 8297.68 15198.53 5509.91 11361.30 7879.66 18347.16 8220.90 8228.42 12354.78 11974.75 14663.44 6002.07 12404.37 11540.14 12155.14 10930.39 9831.52 13857.16 8075.37 11617.37 13321.10 8960.97 12820.06 10787.82 5614.12 12054.20 14402.61 14177.14 11888.45 13525.29 7198.41 11786.66 7803.08 13357.51 11192.53 9593.11 7036.21 12544.69 13370.52 16477.49 12759.45 10806.01 6899.98 11600.99 15279.29 14339.32 13082.55 8935.69 11983.64 14253.25 7114.30 6751.77 13989.43 13989.43 
9498.51 10243.37 15034.50 9126.17 15680.53 15294.34 11947.11 7991.09 14316.45 9693.10 7326.61 0.00 5904.18 16316.31 9178.63 13564.89 12943.93 5377.26 13356.93 8149.33 17884.56 13155.58 14661.55 4363.13 5719.09 14136.71 2389.77 11979.72 16678.37 3100.73 11769.22 12274.74 5374.37 11567.94 10642.56 17625.31 11376.42 12610.75 14524.32 11195.21 14808.13 8828.89 15276.32 11600.63 17476.68 5420.77 13121.40 2306.98 5444.64 17160.62 1318.98 6557.84 12923.43 5502.41 16458.16 14039.91 4201.93 11406.71 16211.17 2538.41 8658.70 15789.68 11460.74 8558.71 14720.36 5557.80 5542.26 15010.34 17669.92 13800.39 15083.91 9260.57 6709.09 15106.66 5889.43 6678.58 13727.17 12533.84 17790.34 16012.95 4604.54 1190.10 15379.91 5027.97 3986.06 12354.07 15413.37 4463.43 11924.12 12881.86 16064.06 12254.92 3972.11 16033.58 11889.95 4566.77 2348.92 11733.30 10514.31 9607.88 12143.32 5131.86 8472.41 14485.66 1111.95 6880.76 9336.61 10199.68 14053.76 8731.83 8032.94 13792.27 8386.66 13394.69 4653.95 8218.32 15410.55 14446.54 15498.91 5110.22 5517.35 9851.19 14693.86 7506.24 11807.00 5214.48 11525.88 11498.50 2345.17 14764.45 11186.19 13476.79 4732.92 7089.95 18446.57 14207.23 5511.75 12143.32 9521.82 6393.66 15109.73 8446.75 9145.32 9504.18 12738.79 11021.58 15728.04 12881.07 11287.44 6343.88 13169.43 6679.73 11460.74 6035.57 2001.51 6557.84 5949.78 11035.94 12745.29 11401.15 5110.22 4328.96 7240.76 7732.36 9071.16 13668.36 5778.65 15740.02 4335.33 803.15 10943.92 14677.19 7885.01 2223.90 4118.97 3208.44 11139.74 14620.14 2541.14 17989.38 13006.65 7803.47 12231.44 13239.45 6577.49 5559.75 3736.07 4269.94 6606.77 14528.91 4363.13 7661.02 15977.00 6211.15 11982.15 8125.87 5688.25 7101.29 15199.36 5070.06 9580.45 13389.36 5100.31 14606.99 18089.57 4447.80 2389.77 13353.43 5571.03 13705.69 12781.02 6431.14 3636.13 13343.60 4311.92 15429.75 18290.73 7231.88 2538.41 18732.82 7042.57 12505.11 13377.95 8193.88 8193.88 
4225.43 6455.20 16789.95 4020.79 11472.33 10643.16 8374.19 13856.73 16932.25 5571.31 13078.26 5904.18 0.00 10412.57 4452.00 12236.88 16320.46 11081.02 12253.16 11381.31 14313.36 12280.25 16602.73 10259.35 5511.77 17435.80 6511.23 11278.09 16127.26 8828.14 11347.10 18153.57 4347.07 11428.05 15673.78 13503.86 11520.68 18421.22 16346.35 11624.65 12340.96 5595.09 15356.93 14396.59 14698.35 4306.87 17956.67 4132.20 4281.24 16593.88 4652.34 8196.89 15244.58 446.27 14406.35 17381.04 1844.39 13391.43 16230.86 5316.74 11237.27 16096.16 9840.95 11443.57 16264.41 4002.36 4093.51 16012.22 15916.64 9971.92 15580.00 8048.82 10747.00 17114.31 4711.60 10993.24 16562.69 11781.97 15418.87 17405.65 8469.47 7009.15 18237.18 3336.72 9476.86 14496.22 18618.84 4021.01 14169.59 10314.04 15734.12 12892.52 7303.77 15666.18 12480.78 10449.77 5892.07 11942.74 9749.88 4536.49 11234.33 6625.90 14156.06 18020.27 6712.55 3160.59 12042.41 12774.33 8196.89 13378.51 2438.34 7993.13 11511.05 10261.55 4306.87 13712.49 17808.19 9159.48 9824.66 3037.49 10481.78 8165.95 11328.72 2022.99 7659.38 3386.14 6097.60 7219.00 4098.44 11347.10 14420.00 9162.03 5484.92 7078.56 13057.50 11221.28 11402.25 11234.33 4566.48 12059.45 18933.52 12194.92 4899.65 13950.15 10014.84 11826.44 12595.27 17791.19 5386.97 509.95 17769.97 3826.63 5733.49 6654.33 7395.26 12450.94 1889.89 5540.50 15332.45 10123.51 3037.49 3593.74 7648.60 2026.50 8213.93 15632.21 8985.69 16871.60 2527.79 5181.70 11801.16 15643.12 2230.64 7569.58 2703.01 6965.54 5623.52 15684.50 6158.72 14544.37 12215.26 3799.05 15218.44 12021.96 6264.09 3955.06 3117.68 5763.92 827.93 15790.40 2507.99 5518.87 16559.89 3910.80 10029.86 10763.05 4358.53 1460.28 11851.74 3567.48 7672.69 15366.09 3842.46 16474.16 13564.48 3897.38 3532.39 15561.52 3106.58 11550.41 8569.36 4417.10 3257.70 15769.53 2349.31 9997.03 12575.48 5204.95 5316.74 14404.23 2570.79 14190.37 16099.63 5466.81 5466.81 
7073.60 7273.52 8133.15 7486.29 4009.41 3442.98 6254.49 15697.95 8864.64 7492.88 16195.04 16316.31 10412.57 0.00 7672.45 7145.46 10159.99 17833.07 7400.43 13325.45 4576.43 7655.41 8474.47 19322.01 12218.12 9246.09 15989.75 8374.38 6557.59 18691.94 8679.93 11436.77 11968.79 8981.68 12659.12 4025.33 9278.94 11081.28 8448.76 9571.00 5785.13 8624.31 7369.10 10772.90 5128.42 11905.10 10399.88 14287.56 11870.11 6394.76 15045.93 12928.52 9652.68 10814.52 5773.08 9279.58 12149.40 10436.00 6909.22 14886.67 12526.30 7192.78 8127.20 12812.92 8227.18 11636.87 11691.19 7848.12 5798.02 5096.10 7581.93 9673.91 14861.28 8177.73 11625.49 15148.19 9335.19 8050.51 5414.26 7504.23 15685.94 17362.22 8236.55 11878.75 18025.17 9927.84 8281.51 12663.67 10258.54 6651.11 6794.52 9114.20 15280.65 6785.80 9287.78 19014.33 15456.09 9125.58 9258.65 7128.01 8143.13 13523.37 15046.49 9039.26 16980.54 9941.38 12204.36 11568.38 2331.06 14017.31 8348.25 2669.53 13098.02 5926.91 12626.62 15121.31 8143.13 2933.61 1582.40 11645.30 16657.44 8893.36 5040.93 8905.85 5894.53 11723.27 5128.07 6014.01 14217.06 4967.24 11390.77 4666.49 13184.32 11545.09 2927.83 5567.69 18154.72 8143.13 7200.72 17001.81 8598.13 13648.72 7864.07 13272.68 6476.71 10037.26 4969.16 10667.51 5029.46 9979.04 10342.83 10334.86 5010.85 12571.98 17312.01 17130.44 10540.12 5585.35 9977.83 8280.98 11645.30 12540.60 11852.90 8616.69 10017.37 9097.48 14655.47 7546.33 12218.12 15570.11 9997.71 7999.32 8500.09 17357.22 12447.45 15732.71 5474.81 8073.93 15548.95 4752.77 7902.21 9117.98 10435.29 7492.88 11732.71 11615.02 12887.72 13794.31 9724.73 8211.12 12189.34 10087.25 7234.08 10936.67 7474.48 12880.45 11663.79 9261.75 5014.31 11926.97 9027.18 9196.17 12009.47 8418.16 3823.66 12622.48 13931.93 9324.91 11283.47 6583.89 5302.85 10921.69 13015.88 9427.53 12186.86 2164.46 2358.72 10417.77 14886.67 4225.43 9579.79 9587.60 9528.60 9428.59 9428.59 
5717.87 8521.19 15756.85 5909.65 7180.91 9901.70 9752.58 15110.49 16493.36 7746.64 16097.10 9178.63 4452.00 7672.45 0.00 13443.73 12643.67 14435.02 13629.04 15774.19 12239.74 13821.21 12261.99 12770.82 4863.04 13235.59 8330.36 13534.98 11755.77 11105.79 13775.46 16184.41 4331.71 14021.59 19518.30 11684.72 14272.99 16880.24 16120.90 14529.27 12563.56 8512.62 10926.38 17579.59 12794.69 4265.55 17475.44 6877.66 4228.74 13669.90 7895.33 12538.78 17079.86 4859.56 9994.67 16811.54 5324.78 16535.11 14528.16 7220.40 15463.85 14853.16 5787.27 15742.78 15899.52 3974.43 4035.12 15519.36 11822.06 5540.09 15230.37 4758.83 15172.86 15734.39 4082.95 15376.70 17005.11 13723.99 12953.54 14805.78 8923.36 10360.69 15270.13 4237.86 13164.42 16948.26 14928.21 4992.73 17003.67 5928.76 14464.38 15249.74 8011.41 14457.60 15054.76 13343.39 7783.64 14527.06 6116.98 631.76 13358.57 6384.96 17150.94 13678.59 10248.57 2311.73 16177.58 16641.76 6306.67 17758.69 4686.81 6411.37 15869.68 5815.32 4959.98 17233.88 13358.57 8257.04 8032.12 7430.93 11097.82 11098.45 11422.56 2470.03 8809.66 4070.53 6241.49 8435.11 8193.03 11386.27 11502.47 9444.95 5676.67 11158.73 10574.58 11695.43 14102.29 13358.57 6331.86 13232.59 14596.83 10723.72 7296.30 18399.76 11346.14 8382.05 12119.76 14404.31 4097.36 3972.20 14123.99 7723.43 2910.43 5677.23 11104.25 14924.26 6081.96 2153.36 11633.04 12520.90 7430.93 8045.59 5790.39 4422.29 5093.04 11557.71 8592.64 15094.06 4863.04 8717.22 14922.05 15635.25 2454.65 11317.96 5070.21 8220.29 2263.03 15711.95 7886.35 10435.13 8021.94 1445.53 17805.79 7746.64 4821.57 3949.75 5442.64 6275.27 3665.84 15856.84 4836.35 3066.82 14821.13 3279.15 11969.50 15069.68 4043.50 3041.29 7428.40 4263.76 4074.44 16696.61 4337.03 16085.89 9578.24 4956.30 7273.86 16875.68 3654.13 7147.07 4149.15 3350.71 5545.34 17025.73 4921.37 8570.28 9112.17 3179.29 7220.40 11769.86 2209.30 16481.43 17180.90 2478.64 2478.64 
8444.19 5816.58 4558.64 8476.95 10432.28 3893.40 4020.79 11470.99 4768.89 6712.53 10035.99 13564.89 12236.88 7145.46 13443.73 0.00 11308.43 10831.87 255.08 6195.04 4369.16 509.95 10202.99 12828.75 17731.53 9930.82 15910.64 1588.01 8792.85 14136.52 1800.11 8921.01 16577.87 2028.40 7060.55 4104.45 2267.43 7966.05 4136.74 2513.52 1397.33 6677.45 10481.78 4220.12 4132.20 16533.10 6509.33 14698.35 16504.59 5622.01 13909.06 7007.14 3779.68 12234.50 9840.95 5306.86 13486.09 3474.02 4387.40 15882.88 5432.64 4051.43 14894.53 5687.25 4032.37 16204.84 16300.18 3781.48 7830.20 12061.24 3363.58 16806.64 7756.34 4891.45 16855.84 8011.38 4626.24 1038.46 4913.40 5560.34 17187.81 13005.93 6186.34 15570.98 11043.94 3504.92 6829.89 16146.74 3622.14 13384.70 3837.61 2043.63 17377.15 3760.47 2147.97 12061.24 15894.46 2013.46 15926.04 12820.33 1444.32 18565.19 9252.04 9269.26 12717.08 14699.48 5059.08 4474.36 7448.80 7239.28 10138.35 7223.73 5962.20 12742.77 16474.16 8874.25 8686.37 5348.07 6024.85 10245.56 15356.93 4368.83 2206.89 12663.08 4898.22 15621.57 7293.89 5330.72 12184.88 2267.43 13337.63 3999.23 17563.27 6706.48 5325.92 1800.11 11727.36 1444.32 7928.57 13256.13 7726.38 15448.60 7368.10 6645.58 2307.57 15146.97 2332.02 10000.25 9349.03 12280.25 10007.54 8761.22 10659.41 18881.68 12012.99 11269.98 10590.87 11484.74 12135.43 2407.88 10245.56 10490.93 18996.86 10576.81 17124.53 11461.99 17943.54 4810.57 14562.85 13231.55 2890.56 3409.67 12274.22 11834.43 14645.35 16658.40 11391.27 3455.56 16105.81 8354.64 13410.59 14510.55 4388.98 13214.80 18214.60 16156.43 14875.79 17509.54 12329.18 3573.07 14554.14 16510.16 4594.79 15898.11 2235.86 5859.02 16542.73 12476.33 11154.71 15803.27 16169.71 3572.60 16078.66 4253.82 8357.70 16022.11 13146.63 3802.03 15299.53 12735.84 12448.02 16313.15 14964.57 4027.44 14341.46 5362.16 7439.61 16579.14 15882.88 5221.86 13926.69 3040.22 4350.99 15891.49 15891.49 
17079.19 16697.71 6793.53 17512.66 7149.26 11687.01 14764.49 5964.67 6762.98 17377.72 7856.48 12943.93 16320.46 10159.99 12643.67 11308.43 0.00 9495.87 11333.51 11503.79 8077.90 11341.88 1729.42 9183.40 10900.84 1419.58 11182.75 12410.37 3748.02 9937.72 12356.39 3540.76 12059.47 12281.49 7046.30 8832.34 12186.30 4326.09 7316.03 12071.56 10884.25 17942.84 2847.97 9147.65 7930.86 12090.89 5552.62 13480.58 12111.97 5980.27 13666.07 14671.55 8445.11 16432.77 4455.69 6328.67 15220.04 10219.22 6978.15 12084.23 11918.23 7268.14 6861.72 11620.08 7367.24 12366.11 12279.72 7557.49 4732.72 7868.04 7955.62 8352.32 11498.87 6453.42 11642.77 11119.38 7145.23 11882.86 7046.36 5766.67 8828.80 12320.01 5126.08 13101.29 11048.13 9170.61 4478.58 12574.12 9460.42 6887.39 7529.55 10816.77 9884.51 7605.99 11225.56 9436.15 11673.11 11766.52 6708.32 12865.93 12436.82 10017.41 7225.47 2055.31 12763.92 13234.35 11202.83 10626.82 12408.04 9077.11 17253.25 12800.27 11454.85 7230.23 12247.46 7903.28 2799.45 12621.70 11441.36 18042.60 7433.66 15534.19 11662.77 14946.40 15174.49 13016.76 15282.15 15535.88 15282.36 11619.32 2072.24 13478.53 11130.66 16214.87 8597.24 11938.18 8610.89 12436.82 17344.10 6843.80 3582.32 4752.96 17938.69 8791.60 13348.61 4529.74 10347.09 1769.65 14320.44 16090.67 1543.14 19503.33 12984.62 9791.19 12557.65 7745.18 18124.77 12667.30 1032.97 13551.99 18042.60 17253.25 8706.65 17058.49 8150.30 1285.03 7955.55 6499.48 14158.67 13725.99 11864.78 7973.60 15067.15 12498.19 14068.07 10467.91 12641.08 7943.02 11369.94 5443.90 4665.78 12774.02 8375.10 4997.38 10085.62 12411.79 13793.78 11015.38 15900.29 7854.60 14167.58 10844.48 6732.21 12410.17 13544.25 12275.38 12005.55 15435.30 6321.41 12866.66 8828.80 8343.07 12593.42 7180.21 6336.69 12699.06 14889.04 8145.21 13240.51 5792.62 9153.44 11903.41 13686.42 7933.79 14379.45 11630.53 7839.33 11131.91 12084.23 7556.78 13928.03 9503.44 7599.03 10987.05 10987.05 
13454.05 12228.26 9835.16 13021.12 16597.88 14693.86 12609.39 3533.32 9098.22 12333.33 1997.49 5377.26 11081.02 17833.07 14435.02 10831.87 9495.87 0.00 10579.96 4795.23 13343.39 10326.17 10959.38 1997.49 9978.77 10007.54 6183.24 9771.72 12550.10 3499.85 9457.84 7249.66 10197.48 9145.32 5315.83 13831.84 8834.96 7354.32 9460.04 8527.59 12143.32 11115.22 12313.69 7062.03 12787.42 10259.70 7744.57 7620.30 10293.62 11790.98 6695.71 6132.68 8186.54 10643.15 13874.37 8735.96 9539.57 7446.97 11065.17 7227.67 5637.67 10738.75 13490.31 5303.86 9679.03 10511.31 10462.78 10045.57 13013.59 16410.20 10285.27 12309.81 3403.76 9834.46 10561.40 3028.36 8584.35 10007.54 12626.49 10645.69 6360.60 4191.88 10007.54 10197.48 1648.41 7907.12 10108.49 9455.72 7583.37 14797.77 11117.95 8813.80 6891.38 11119.32 8686.74 1241.93 6685.68 8920.48 12394.79 14933.35 10007.54 8651.07 3111.67 10007.54 4410.93 12130.41 5813.37 6360.60 17617.63 3815.90 12696.04 17183.67 4999.49 15509.31 9521.42 2853.80 10791.80 15790.53 16825.55 9098.22 4851.44 10007.54 13013.59 12859.77 13249.51 10364.65 14987.12 13298.20 7001.50 13080.89 8899.87 13969.53 9011.13 7784.00 15011.32 12526.23 1160.42 10007.54 13112.48 3417.20 10007.54 7328.53 12188.89 4561.93 11905.76 11081.23 12905.80 8466.73 16119.83 11567.44 8826.82 10007.54 16801.05 9586.04 3685.76 1756.13 10433.22 16410.20 10007.54 10098.63 9098.22 8198.39 10198.82 12550.10 11940.97 10738.75 7249.66 10475.51 9692.78 5982.11 8074.12 9863.82 13212.38 3514.69 9470.06 6463.86 16515.23 9790.54 6618.50 14329.29 12997.46 12997.46 7405.70 13440.03 10440.15 10529.91 9058.24 8401.67 11860.69 9657.93 9721.11 12107.96 10763.82 11211.88 10916.87 5391.15 10507.13 12413.21 15648.63 10174.28 13013.59 8646.48 10117.05 9503.77 15337.13 9485.18 7601.87 8524.99 10784.00 14435.02 16666.09 11256.69 8942.68 8432.45 9683.95 16148.23 16320.53 11779.30 7227.67 13817.77 12394.79 8254.81 8352.34 12768.02 12768.02 
8537.15 5866.78 4555.80 8553.09 10672.54 4139.62 4118.05 11277.59 4723.51 6763.18 9805.95 13356.93 12253.16 7400.43 13629.04 255.08 11333.51 10579.96 0.00 5940.22 4563.26 255.08 10281.39 12576.49 17764.43 9970.69 15688.34 1400.24 8925.04 13881.65 1588.01 8843.93 16600.22 1800.11 6877.74 4326.74 2028.40 7883.88 4102.30 2267.43 1648.65 6672.34 10611.51 4013.84 4304.33 16559.53 6423.54 14562.11 16533.10 5728.27 13741.54 6800.28 3636.86 12231.78 10018.06 5250.48 13440.98 3238.60 4459.32 15710.76 5179.43 4102.84 15129.74 5432.64 4011.26 16243.32 16337.23 3782.72 7978.37 12311.80 3377.92 17061.12 7501.97 4892.45 16917.46 7756.34 4544.98 823.61 5064.71 5610.31 16934.02 12774.18 6207.45 15576.40 10790.15 3320.20 6859.51 16108.05 3416.01 13624.13 3914.35 1802.97 17134.96 3837.61 1894.53 11808.28 15695.12 1762.23 16148.14 13009.14 1282.26 18417.07 9038.90 9306.22 12492.28 14804.23 4804.20 4224.31 7681.16 7001.37 10206.40 7448.80 5707.24 12987.25 16442.02 8648.88 8752.35 5576.11 6273.14 10170.65 15129.74 4294.81 2451.49 12761.93 5013.52 15638.54 7449.07 5440.34 12036.72 2513.52 13342.75 4186.29 17487.30 6554.23 5560.69 2028.40 11481.88 1282.26 8008.77 13039.24 7756.16 15358.60 7410.83 6417.03 2407.88 15275.95 2577.03 9978.41 9531.78 12318.07 10000.25 8715.51 10868.67 18903.14 11778.28 11037.84 10570.36 11695.33 12185.26 2307.57 10170.65 10383.07 19250.68 10641.63 17376.70 11538.14 17717.84 4848.44 14530.17 13044.99 2638.39 3390.51 12382.34 11597.63 14601.27 16424.52 11603.27 3431.40 15897.62 8543.00 13593.93 14658.41 4218.72 13410.59 18347.45 16195.17 14810.34 17376.50 12380.24 3540.92 14522.91 16694.89 4648.80 15979.61 2225.23 5608.74 16589.61 12553.12 11383.54 15810.36 16424.09 3457.54 16085.84 4224.68 8571.51 15984.83 13018.27 3687.60 15337.69 12954.66 12702.90 16413.18 14892.93 3915.46 14307.16 5608.74 7677.33 16738.14 15710.76 5419.20 14026.87 2852.44 4245.56 16089.49 16089.49 
10763.66 8371.03 7248.53 10439.54 16196.29 9938.94 8061.91 6989.02 6671.61 8885.77 4830.54 8149.33 11381.31 13325.45 15774.19 6195.04 11503.79 4795.23 5940.22 0.00 9827.65 5686.53 11990.35 6737.22 13852.04 11019.93 10074.52 4987.51 12230.36 7941.51 4675.40 8001.99 13460.81 4366.04 4490.57 9940.56 4060.77 7374.03 6618.79 3761.30 7579.93 7827.42 13291.69 3579.18 9350.17 13497.72 6603.78 10239.07 13515.47 9528.98 9130.49 3237.32 4902.69 11004.87 13983.78 6684.88 10935.83 3261.78 8224.14 10664.91 849.67 7758.54 18006.06 513.80 6771.72 13556.92 13565.78 6976.96 11865.75 18078.74 6969.19 17027.18 1570.47 7458.61 14006.89 1823.00 6033.64 5275.79 9692.14 8589.40 11018.10 7207.71 8458.91 12854.69 4861.00 4240.21 8976.88 12516.42 3799.31 18326.28 7959.99 4325.27 11271.51 7919.40 4080.39 5960.62 10338.30 4200.37 17072.93 15649.05 5222.71 12940.52 4773.42 10568.01 7072.23 14221.38 1207.26 2050.36 13029.77 2491.38 11269.50 12658.82 243.09 18295.68 12756.54 4085.79 10802.69 11020.81 12045.28 8360.20 9639.89 5735.09 8291.49 13310.51 8868.78 13045.90 11249.46 9062.96 8149.33 8363.72 12187.66 9231.65 12842.75 4721.97 11258.39 7776.95 5864.58 5222.71 10183.02 7942.93 9505.27 11729.17 9114.29 2717.21 7126.41 15184.55 8465.96 9785.43 13371.72 11836.46 10090.47 8112.74 15045.88 13922.34 6215.07 5826.85 9692.33 15645.42 12464.41 5342.45 8360.20 7814.43 14828.49 11455.72 16687.18 12663.91 12013.10 7978.66 11766.77 8243.74 3327.91 6584.90 13328.28 6001.69 11630.23 10652.54 15632.90 6537.57 10419.73 13100.98 16169.42 15077.19 4356.47 16485.78 14634.52 13545.92 11432.61 12314.06 12132.23 6471.88 11785.46 15774.87 8094.69 14105.16 6152.37 829.70 13759.78 12743.98 16430.94 12976.34 17610.03 5337.36 13088.18 6737.04 13662.71 12472.02 9229.89 5356.57 13246.85 17097.18 18566.15 14449.00 11393.11 5413.53 11617.03 11367.86 13329.45 15333.34 10664.91 10613.64 13876.20 4356.47 5565.15 16215.77 16215.77 
